

TREE # 1

  0  0.0000   1169.067016  x:  0.01000   0.02107   0.08631   0.02800   0.10029   0.09898   0.04870   0.05759   0.09822   0.02858   0.07388   0.03692   0.03467   0.02362   0.02830   0.08845   0.08165   0.03795   0.07181   0.04940   0.10435   0.05309   0.01860   0.02862   0.01343   0.10089   0.06016   0.05088   0.10982   0.01967   0.02998   0.02448   0.08919   3.00000   1.00000  
  1 99.0000   1117.808797  x:  0.08082   0.06477   0.07216   0.01074   0.07890   0.07569   0.03605   0.03697   0.08498   0.02789   0.05077   0.01356   0.01652   0.00000   0.01104   0.06957   0.06071   0.02445   0.05113   0.03352   0.08312   0.05617   0.00461   0.01240   0.01637   0.07781   0.03691   0.04249   0.11500   0.02431   0.00967   0.02705   0.07790   3.00061   0.99781  
  2 673.0043   1098.290226  x:  0.07690   0.06662   0.06412   0.00633   0.06701   0.06241   0.03027   0.02532   0.07782   0.02487   0.03722   0.00000   0.00928   0.00000   0.00670   0.05915   0.04897   0.01957   0.03970   0.02626   0.07099   0.05728   0.00935   0.00772   0.01585   0.06429   0.02336   0.03955   0.11654   0.02340   0.00041   0.02755   0.07238   3.00095   0.99657  
  3 770.6001   1097.410671  x:  0.07671   0.06672   0.06372   0.00649   0.06639   0.06170   0.03005   0.02474   0.07747   0.02476   0.03649   0.00000   0.00920   0.00000   0.00686   0.05861   0.04836   0.01944   0.03912   0.02597   0.07035   0.05735   0.00910   0.00777   0.01585   0.06356   0.02263   0.03942   0.11661   0.02345   0.00000   0.02763   0.07210   3.00097   0.99651  
  4 2805.6992   1078.287747  x:  0.07154   0.06905   0.05406   0.00302   0.04907   0.04065   0.02866   0.01080   0.06929   0.02391   0.01381   0.00000   0.01956   0.00000   0.00045   0.04485   0.03174   0.02260   0.02428   0.02464   0.05168   0.06095   0.00354   0.01159   0.01652   0.04108   0.00000   0.03856   0.11777   0.02960   0.00000   0.03263   0.06470   3.00143   0.99461  
  5 2673.0612   1073.404824  x:  0.07024   0.07009   0.05079   0.00034   0.04303   0.03320   0.02852   0.00618   0.06657   0.02380   0.00573   0.00000   0.02364   0.00000   0.00112   0.04014   0.02598   0.02407   0.01924   0.02465   0.04511   0.06236   0.00311   0.01229   0.01674   0.03306   0.00000   0.03847   0.11813   0.03204   0.00000   0.03451   0.06215   3.00159   0.99394  
  6 9710.7404   1069.132570  x:  0.06986   0.07105   0.04863   0.00065   0.03885   0.02797   0.02868   0.00330   0.06479   0.02387   0.00000   0.00000   0.02670   0.00000   0.00130   0.03696   0.02205   0.02533   0.01587   0.02502   0.04052   0.06345   0.00435   0.01207   0.01688   0.02738   0.00000   0.03857   0.11836   0.03394   0.00000   0.03589   0.06039   3.00171   0.99348  
  7 7864.4897   1057.739686  x:  0.06724   0.07380   0.04023   0.00071   0.02197   0.00513   0.02870   0.01822   0.05846   0.02288   0.00000   0.00000   0.03332   0.00000   0.00163   0.02481   0.00752   0.02804   0.00607   0.02699   0.02019   0.06724   0.00438   0.00805   0.01653   0.00000   0.00000   0.03920   0.11883   0.03835   0.00000   0.03868   0.05350   3.00223   0.99122  
  8 922.9484   1056.523439  x:  0.06691   0.07434   0.03921   0.00071   0.01893   0.00000   0.02918   0.01929   0.05735   0.02323   0.00000   0.00000   0.03358   0.00000   0.00164   0.02341   0.00788   0.02799   0.00782   0.02718   0.01696   0.06773   0.00454   0.00826   0.01649   0.00000   0.00000   0.03928   0.11884   0.03858   0.00000   0.03874   0.05246   3.00234   0.99077  
  9 426.6033   1056.188888  x:  0.06636   0.07533   0.03893   0.00069   0.01409   0.00000   0.03163   0.02032   0.05551   0.02496   0.00000   0.00000   0.03298   0.00000   0.00163   0.02400   0.01242   0.02745   0.00467   0.02797   0.01343   0.06846   0.00457   0.00842   0.01649   0.00000   0.00000   0.03974   0.11853   0.03817   0.00000   0.03804   0.05103   3.00265   0.98944  
 10 97.4530   1055.988641  x:  0.06532   0.07685   0.04004   0.00068   0.01035   0.00000   0.03543   0.01962   0.05243   0.02725   0.00000   0.00000   0.03125   0.00000   0.00158   0.02773   0.01001   0.02662   0.00499   0.02925   0.01381   0.06943   0.00366   0.00655   0.01660   0.00000   0.00000   0.04055   0.11780   0.03714   0.00000   0.03676   0.04911   3.00341   0.98617  
 11 35.9782   1055.876950  x:  0.06524   0.07842   0.04053   0.00062   0.00995   0.00000   0.03722   0.01965   0.04987   0.02811   0.00000   0.00000   0.02961   0.00000   0.00151   0.02939   0.00834   0.02586   0.00478   0.02965   0.01382   0.07017   0.00488   0.00894   0.01665   0.00000   0.00000   0.04096   0.11735   0.03650   0.00000   0.03607   0.04761   3.00413   0.98307  
 12 54.9040   1055.471253  x:  0.06335   0.08390   0.04070   0.00056   0.01697   0.00000   0.04024   0.01712   0.03960   0.02747   0.00000   0.00000   0.02524   0.00000   0.00138   0.02970   0.00902   0.02530   0.00491   0.03056   0.01179   0.07344   0.00533   0.00679   0.01630   0.00000   0.00000   0.04171   0.11590   0.03662   0.00000   0.03650   0.04186   3.00779   0.96742  
 13 44.6192   1054.738908  x:  0.06281   0.09018   0.04136   0.00042   0.01137   0.00000   0.03662   0.01253   0.03698   0.02126   0.00000   0.00000   0.01757   0.00000   0.00111   0.02574   0.01187   0.02646   0.00521   0.02928   0.02010   0.07725   0.00813   0.00480   0.01627   0.00000   0.00000   0.04069   0.11405   0.03934   0.00000   0.04037   0.04137   3.01581   0.93306  
 14 51.2876   1054.375870  x:  0.06381   0.09020   0.04122   0.00035   0.01202   0.00000   0.03457   0.00867   0.04443   0.02445   0.00000   0.00000   0.01444   0.00000   0.00094   0.02725   0.01081   0.02472   0.00518   0.02788   0.01512   0.07743   0.00912   0.00355   0.01533   0.00000   0.00000   0.03939   0.11363   0.03905   0.00000   0.03948   0.04464   3.02055   0.91274  
 15 56.8546   1054.156488  x:  0.06651   0.08568   0.03491   0.00037   0.01199   0.00000   0.03511   0.00747   0.04346   0.02432   0.00000   0.00000   0.01804   0.00000   0.00095   0.03058   0.01154   0.02269   0.00551   0.02460   0.01581   0.07445   0.01003   0.00298   0.01901   0.00000   0.00000   0.03761   0.11687   0.03763   0.00000   0.03729   0.04404   3.02606   0.88925  
 16 24.1798   1053.845661  x:  0.06952   0.08047   0.03032   0.00041   0.01178   0.00000   0.03651   0.00541   0.04174   0.02502   0.00000   0.00000   0.01781   0.00000   0.00096   0.03236   0.01214   0.02384   0.00575   0.02450   0.01691   0.07130   0.00990   0.00350   0.01314   0.00000   0.00000   0.03699   0.12124   0.03724   0.00000   0.03701   0.04338   3.03427   0.85425  
 17 81.1274   1053.411405  x:  0.07044   0.07676   0.03317   0.00046   0.01198   0.00000   0.03747   0.00305   0.04011   0.02866   0.00000   0.00000   0.01396   0.00000   0.00096   0.03068   0.01241   0.02594   0.00593   0.02569   0.01697   0.06876   0.00926   0.00440   0.01768   0.00000   0.00000   0.03765   0.12613   0.03795   0.00000   0.03971   0.04340   3.04709   0.79963  
 18 119.1135   1052.860291  x:  0.06712   0.08058   0.04015   0.00050   0.01192   0.00000   0.03645   0.00336   0.03767   0.03696   0.00000   0.00000   0.01812   0.00000   0.00107   0.02907   0.01324   0.02159   0.00634   0.01688   0.01912   0.06830   0.00971   0.00446   0.01589   0.00000   0.00000   0.03521   0.12968   0.03999   0.00000   0.04381   0.04377   3.06515   0.72305  
 19 132.5194   1052.026768  x:  0.06059   0.09334   0.03839   0.00056   0.01194   0.00000   0.03057   0.00251   0.04047   0.03381   0.00000   0.00000   0.02166   0.00000   0.00114   0.03055   0.01392   0.01555   0.00652   0.02513   0.01964   0.06988   0.00948   0.00490   0.01557   0.00000   0.00000   0.03212   0.12828   0.03805   0.00000   0.03885   0.04420   3.09488   0.59836  
 20 122.9108   1051.445702  x:  0.05802   0.09930   0.03414   0.00058   0.01215   0.00000   0.03113   0.00304   0.04270   0.03123   0.00000   0.00000   0.01929   0.00000   0.00114   0.03307   0.01382   0.02411   0.00657   0.02113   0.01830   0.07107   0.00923   0.00515   0.01666   0.00000   0.00000   0.03299   0.12615   0.03652   0.00000   0.03595   0.04554   3.11706   0.50667  
 21 257.7418   1051.206273  x:  0.06115   0.09332   0.03447   0.00057   0.01218   0.00000   0.03584   0.00337   0.04278   0.02799   0.00000   0.00000   0.01788   0.00000   0.00112   0.03090   0.01304   0.01949   0.00637   0.02078   0.01725   0.07139   0.00897   0.00505   0.01660   0.00000   0.00000   0.03716   0.12478   0.03748   0.00000   0.03900   0.04669   3.12689   0.46992  
 22 69.2354   1051.119167  x:  0.06407   0.08758   0.03698   0.00055   0.01171   0.00000   0.03370   0.00376   0.04065   0.02980   0.00000   0.00000   0.01777   0.00000   0.00110   0.02944   0.01279   0.01999   0.00623   0.02236   0.01712   0.07153   0.00918   0.00486   0.01648   0.00000   0.00000   0.03397   0.12460   0.03684   0.00000   0.03810   0.04488   3.13140   0.45813  
 23 24.2335   1051.069571  x:  0.06462   0.08677   0.03808   0.00054   0.01132   0.00000   0.03074   0.00368   0.04008   0.03015   0.00000   0.00000   0.01830   0.00000   0.00109   0.02933   0.01283   0.02009   0.00622   0.02206   0.01691   0.07122   0.00915   0.00475   0.01625   0.00000   0.00000   0.03808   0.12623   0.03620   0.00000   0.03630   0.04363   3.13629   0.45738  
 24  4.5729   1049.608941  x:  0.05970   0.09300   0.03207   0.00059   0.00971   0.00000   0.02780   0.00615   0.03966   0.03002   0.00000   0.00000   0.00838   0.00000   0.00110   0.02435   0.01053   0.01660   0.00570   0.02336   0.01292   0.06603   0.00836   0.00499   0.01790   0.00000   0.00000   0.03551   0.17194   0.03380   0.00000   0.03724   0.04348   3.29462   0.48040  
 25 13.4086   1048.885830  x:  0.06086   0.09364   0.03666   0.00061   0.00841   0.00000   0.03041   0.00530   0.03989   0.02094   0.00000   0.00000   0.00901   0.00000   0.00111   0.01884   0.00911   0.01667   0.00538   0.01923   0.00886   0.06752   0.00799   0.00501   0.01719   0.00000   0.00000   0.03242   0.16960   0.02310   0.00000   0.03228   0.04351   3.36749   0.49326  
 26 100.3917   1047.938784  x:  0.06157   0.09096   0.02978   0.00070   0.00734   0.00000   0.02524   0.00530   0.03836   0.02075   0.00000   0.00000   0.00404   0.00000   0.00117   0.01710   0.00848   0.01372   0.00532   0.01485   0.00738   0.07255   0.00698   0.00576   0.01818   0.00000   0.00000   0.03167   0.14772   0.02636   0.00000   0.02987   0.04173   3.46000   0.51050  
 27 141.3665   1047.866235  x:  0.06164   0.09131   0.02801   0.00070   0.00720   0.00000   0.02393   0.00540   0.03750   0.02233   0.00000   0.00000   0.00407   0.00000   0.00117   0.01671   0.00839   0.01375   0.00529   0.01530   0.00748   0.07075   0.00699   0.00573   0.01830   0.00000   0.00000   0.03233   0.14477   0.02294   0.00000   0.03294   0.04238   3.46826   0.51198  
 28 38.7045   1047.849638  x:  0.06150   0.09174   0.02846   0.00070   0.00702   0.00000   0.02374   0.00542   0.03707   0.02198   0.00000   0.00000   0.00406   0.00000   0.00117   0.01693   0.00830   0.01383   0.00529   0.01536   0.00701   0.06714   0.00710   0.00568   0.01825   0.00000   0.00000   0.03222   0.14359   0.02356   0.00000   0.03319   0.04229   3.47075   0.51236  
 29  8.9641   1047.845390  x:  0.06142   0.09190   0.02830   0.00070   0.00708   0.00000   0.02408   0.00542   0.03725   0.02235   0.00000   0.00000   0.00405   0.00000   0.00117   0.01624   0.00828   0.01382   0.00526   0.01540   0.00728   0.06628   0.00710   0.00566   0.01825   0.00000   0.00000   0.03229   0.14329   0.02361   0.00000   0.03277   0.04203   3.47170   0.51248  
 30  6.6979   1047.708628  x:  0.06090   0.09148   0.02792   0.00072   0.00708   0.00000   0.02387   0.00554   0.04124   0.02155   0.00000   0.00000   0.00451   0.00000   0.00122   0.01678   0.00840   0.01366   0.00540   0.01493   0.00739   0.06654   0.00691   0.00586   0.01841   0.00000   0.00000   0.03199   0.14124   0.02378   0.00000   0.03533   0.03460   3.52109   0.51817  
 31  2.9564   1046.886769  x:  0.05829   0.08843   0.02327   0.00083   0.00654   0.00000   0.02068   0.00616   0.03777   0.02159   0.00000   0.00000   0.00964   0.00000   0.00149   0.01291   0.00751   0.01314   0.00585   0.01540   0.00590   0.07213   0.00561   0.00650   0.01917   0.00000   0.00000   0.03291   0.12835   0.02940   0.00000   0.03232   0.04007   3.85758   0.55702  
 32 130.4177   1046.038730  x:  0.05687   0.08445   0.02872   0.00122   0.00840   0.00000   0.02294   0.00740   0.03827   0.02049   0.00000   0.00000   0.00890   0.00000   0.00212   0.01847   0.00992   0.01429   0.00807   0.01825   0.00920   0.06851   0.00599   0.00631   0.01838   0.00000   0.00000   0.03468   0.11622   0.02685   0.00000   0.02884   0.04349   4.29768   0.60590  
 33  2.0035   1045.317024  x:  0.04614   0.08234   0.02925   0.00168   0.00839   0.00000   0.02576   0.00731   0.03810   0.02112   0.00000   0.00000   0.00751   0.00000   0.00304   0.01498   0.00827   0.02023   0.00922   0.01779   0.00788   0.07182   0.00514   0.00503   0.01489   0.00000   0.00000   0.03360   0.13081   0.02823   0.00000   0.03583   0.04119   4.42132   0.59788  
 34  0.1630   1044.804340  x:  0.03819   0.07919   0.02534   0.00214   0.00742   0.00000   0.02343   0.00788   0.03847   0.02272   0.00000   0.00000   0.00837   0.00000   0.00382   0.01689   0.00816   0.01706   0.00989   0.01310   0.00846   0.06664   0.00663   0.00642   0.01497   0.00000   0.00000   0.03079   0.13620   0.02580   0.00000   0.03199   0.04092   4.24459   0.56854  
 35  0.2368   1044.540797  x:  0.03850   0.06993   0.02628   0.00254   0.00797   0.00000   0.02324   0.00854   0.03903   0.02236   0.00000   0.00000   0.00783   0.00000   0.00449   0.01549   0.00817   0.01429   0.00975   0.01706   0.00707   0.06751   0.00748   0.00726   0.01588   0.00000   0.00000   0.03253   0.13273   0.02536   0.00000   0.03171   0.03969   4.14172   0.56734  
 36  0.1237   1044.396050  x:  0.03807   0.06956   0.02707   0.00291   0.00739   0.00000   0.02225   0.00838   0.03586   0.01966   0.00000   0.00000   0.00775   0.00000   0.00508   0.01575   0.00732   0.01576   0.00834   0.01672   0.00900   0.06920   0.00742   0.00757   0.01603   0.00000   0.00000   0.03318   0.12495   0.02701   0.00000   0.03306   0.03997   4.09734   0.56888  
 37  0.0486   1044.217767  x:  0.03867   0.07308   0.02737   0.00357   0.00834   0.00000   0.02472   0.00830   0.03622   0.02314   0.00000   0.00000   0.00767   0.00000   0.00607   0.01615   0.00860   0.01771   0.00702   0.01544   0.00775   0.06949   0.00800   0.00803   0.01603   0.00000   0.00000   0.03446   0.12132   0.02684   0.00000   0.03148   0.04117   4.08305   0.57246  
 38  0.0157   1044.030235  x:  0.04100   0.07689   0.02743   0.00455   0.00757   0.00000   0.02367   0.00830   0.03850   0.02172   0.00000   0.00000   0.00774   0.00000   0.00748   0.01630   0.00851   0.01591   0.00670   0.01625   0.00856   0.06731   0.00829   0.00833   0.01539   0.00000   0.00000   0.03286   0.13385   0.02646   0.00000   0.03148   0.04273   4.11464   0.57297  
 39  0.0215   1043.937777  x:  0.04165   0.07618   0.02595   0.00536   0.00882   0.00000   0.02371   0.00797   0.03708   0.02114   0.00000   0.00000   0.00773   0.00000   0.00857   0.01595   0.00733   0.01542   0.00766   0.01562   0.00771   0.06804   0.00738   0.00834   0.01551   0.00000   0.00000   0.03213   0.13085   0.02620   0.00000   0.03233   0.04024   4.13485   0.57124  
 40  0.0150   1043.905682  x:  0.04184   0.07576   0.02644   0.00578   0.00748   0.00000   0.02371   0.00785   0.03725   0.02161   0.00000   0.00000   0.00776   0.00000   0.00912   0.01553   0.00802   0.01581   0.00818   0.01581   0.00769   0.06903   0.00720   0.00834   0.01577   0.00000   0.00000   0.03255   0.12873   0.02647   0.00000   0.03254   0.03972   4.15121   0.57239  
 41  0.0259   1043.892386  x:  0.04163   0.07619   0.02696   0.00619   0.00797   0.00000   0.02306   0.00772   0.03751   0.02155   0.00000   0.00000   0.00795   0.00000   0.00961   0.01593   0.00806   0.01611   0.00801   0.01604   0.00800   0.06870   0.00706   0.00817   0.01595   0.00000   0.00000   0.03322   0.12839   0.02688   0.00000   0.03231   0.04057   4.16581   0.57400  
 42  0.0121   1043.888673  x:  0.04175   0.07581   0.02666   0.00638   0.00781   0.00000   0.02382   0.00762   0.03745   0.02143   0.00000   0.00000   0.00803   0.00000   0.00980   0.01613   0.00798   0.01599   0.00794   0.01605   0.00805   0.06850   0.00715   0.00799   0.01590   0.00000   0.00000   0.03314   0.12859   0.02677   0.00000   0.03221   0.04086   4.16516   0.57457  
 43  0.0014   1043.884950  x:  0.04135   0.07576   0.02700   0.00659   0.00786   0.00000   0.02359   0.00753   0.03748   0.02140   0.00000   0.00000   0.00799   0.00000   0.00988   0.01574   0.00807   0.01592   0.00796   0.01596   0.00794   0.06852   0.00731   0.00775   0.01585   0.00000   0.00000   0.03262   0.12900   0.02642   0.00000   0.03212   0.04065   4.14905   0.57345  
 44  0.0086   1043.875451  x:  0.04088   0.07529   0.02607   0.00685   0.00780   0.00000   0.02318   0.00755   0.03795   0.02194   0.00000   0.00000   0.00776   0.00000   0.00950   0.01609   0.00790   0.01617   0.00787   0.01620   0.00786   0.06882   0.00736   0.00744   0.01619   0.00000   0.00000   0.03301   0.12959   0.02665   0.00000   0.03234   0.03995   4.14174   0.57444  
 45  0.0018   1043.854140  x:  0.04113   0.07515   0.02708   0.00728   0.00792   0.00000   0.02355   0.00767   0.03738   0.02159   0.00000   0.00000   0.00772   0.00000   0.00829   0.01604   0.00805   0.01553   0.00776   0.01557   0.00796   0.06883   0.00719   0.00736   0.01643   0.00000   0.00000   0.03369   0.12902   0.02684   0.00000   0.03314   0.04036   4.14766   0.57755  
 46  0.0029   1043.841052  x:  0.04154   0.07607   0.02678   0.00769   0.00784   0.00000   0.02360   0.00769   0.03742   0.02116   0.00000   0.00000   0.00785   0.00000   0.00773   0.01596   0.00807   0.01609   0.00787   0.01611   0.00797   0.06859   0.00710   0.00762   0.01604   0.00000   0.00000   0.03291   0.12835   0.02660   0.00000   0.03201   0.04073   4.15432   0.57521  
 47  0.0058   1043.838121  x:  0.04177   0.07567   0.02686   0.00798   0.00781   0.00000   0.02354   0.00764   0.03762   0.02155   0.00000   0.00000   0.00799   0.00000   0.00795   0.01590   0.00796   0.01604   0.00798   0.01598   0.00798   0.06856   0.00720   0.00784   0.01583   0.00000   0.00000   0.03282   0.12877   0.02670   0.00000   0.03217   0.04077   4.15904   0.57363  
 48  0.0041   1043.837612  x:  0.04151   0.07592   0.02674   0.00808   0.00784   0.00000   0.02359   0.00763   0.03753   0.02141   0.00000   0.00000   0.00798   0.00000   0.00795   0.01591   0.00802   0.01597   0.00797   0.01602   0.00797   0.06863   0.00721   0.00792   0.01588   0.00000   0.00000   0.03295   0.12884   0.02669   0.00000   0.03227   0.04063   4.15803   0.57330  
 49  0.0014   1043.837533  x:  0.04156   0.07579   0.02676   0.00811   0.00785   0.00000   0.02356   0.00762   0.03752   0.02141   0.00000   0.00000   0.00795   0.00000   0.00792   0.01592   0.00801   0.01600   0.00794   0.01599   0.00797   0.06862   0.00723   0.00794   0.01591   0.00000   0.00000   0.03297   0.12884   0.02665   0.00000   0.03227   0.04059   4.15732   0.57361  
 50  0.0008   1043.837519  x:  0.04153   0.07582   0.02678   0.00811   0.00784   0.00000   0.02356   0.00760   0.03752   0.02142   0.00000   0.00000   0.00794   0.00000   0.00792   0.01593   0.00800   0.01599   0.00793   0.01601   0.00797   0.06862   0.00723   0.00795   0.01590   0.00000   0.00000   0.03295   0.12879   0.02665   0.00000   0.03226   0.04060   4.15687   0.57370  
 51  0.0003   1043.837513  x:  0.04154   0.07580   0.02676   0.00811   0.00785   0.00000   0.02356   0.00758   0.03753   0.02141   0.00000   0.00000   0.00794   0.00000   0.00792   0.01593   0.00801   0.01599   0.00793   0.01601   0.00797   0.06861   0.00723   0.00796   0.01590   0.00000   0.00000   0.03295   0.12881   0.02666   0.00000   0.03226   0.04061   4.15688   0.57374  
 52  0.0000   1043.837511  x:  0.04154   0.07581   0.02677   0.00811   0.00785   0.00000   0.02356   0.00758   0.03752   0.02142   0.00000   0.00000   0.00794   0.00000   0.00792   0.01593   0.00801   0.01599   0.00794   0.01601   0.00797   0.06861   0.00723   0.00796   0.01590   0.00000   0.00000   0.03296   0.12882   0.02666   0.00000   0.03226   0.04061   4.15710   0.57374  
 53  0.0002   1043.837511  x:  0.04154   0.07581   0.02677   0.00811   0.00785   0.00000   0.02356   0.00758   0.03753   0.02141   0.00000   0.00000   0.00794   0.00000   0.00792   0.01593   0.00801   0.01599   0.00794   0.01601   0.00797   0.06861   0.00723   0.00796   0.01590   0.00000   0.00000   0.03296   0.12882   0.02666   0.00000   0.03226   0.04061   4.15716   0.57374  
 54  0.0001   1043.837511  x:  0.04154   0.07581   0.02677   0.00811   0.00785   0.00000   0.02356   0.00758   0.03753   0.02141   0.00000   0.00000   0.00794   0.00000   0.00792   0.01593   0.00801   0.01599   0.00794   0.01601   0.00797   0.06861   0.00723   0.00796   0.01590   0.00000   0.00000   0.03296   0.12882   0.02666   0.00000   0.03226   0.04061   4.15717   0.57374  
 55  0.0000   1043.837511  x:  0.04154   0.07581   0.02677   0.00811   0.00785   0.00000   0.02356   0.00758   0.03753   0.02141   0.00000   0.00000   0.00794   0.00000   0.00792   0.01593   0.00801   0.01599   0.00794   0.01601   0.00797   0.06861   0.00723   0.00796   0.01590   0.00000   0.00000   0.03296   0.12882   0.02666   0.00000   0.03226   0.04061   4.15717   0.57374  
 56  0.0000   1043.837511  x:  0.04154   0.07581   0.02677   0.00811   0.00785   0.00000   0.02356   0.00758   0.03753   0.02141   0.00000   0.00000   0.00794   0.00000   0.00792   0.01593   0.00801   0.01599   0.00794   0.01601   0.00797   0.06861   0.00723   0.00796   0.01590   0.00000   0.00000   0.03296   0.12882   0.02666   0.00000   0.03226   0.04061   4.15717   0.57374  