tl:0.1
0.81522
0.55488
0.62104
0.30969
0.67067
0.81494
0.39142
0.44856
0.36312
0.76923
0.46596
0.70812
0.59731
0.51723
0.35920
0.45024
0.30509
0.50792
0.58978
0.33604
0.33774
0.55071
0.37278
0.53195
0.54472
0.89678
0.54638
0.53554
0.65517
0.76733
0.92353
0.61783
1.13127
0.35396
0.34027
0.57271
0.36148
0.32440
0.66734
0.75540
0.33547
0.26046
0.40589
0.42404
0.31429
0.56370
0.39475
0.82999
0.85367
0.48997
0.54211
1.01087
0.55378
0.47962
0.72187
0.70232
0.90445
0.61296
0.51904
0.34334
0.46925
0.77847
0.58738
0.36649
0.46863
0.66037
0.32078
0.58738
0.72177
0.81345
0.46337
0.44870
0.53301
0.76472
0.96439
0.74093
0.69162
0.65485
0.51320
0.74889
0.37965
0.32211
0.39162
0.62106
0.45473
0.91339
0.70767
0.96663
0.71506
0.39561
0.42087
0.49364
0.34246
0.64852
0.60043
0.47354
0.57708
0.34795
0.67382
0.47368
