tl:1
0.56474
0.45835
0.55332
0.62734
0.43915
0.37449
0.47757
0.52389
0.41017
0.61403
0.48618
0.48446
0.46175
0.48260
0.53330
0.38864
0.47187
0.46507
0.53499
0.52868
0.45832
0.45067
0.42847
0.49991
0.49700
0.49831
0.55010
0.59736
0.59472
0.48180
0.68352
0.40789
0.48319
0.44558
0.44879
0.51081
0.48526
0.54477
0.62301
0.52670
0.49586
0.49997
0.51678
0.51396
0.58613
0.56422
0.44477
0.52518
0.46514
0.58543
0.51682
0.60154
0.52141
0.47220
0.46742
0.65847
0.69473
0.45545
0.47373
0.40580
0.54825
0.41338
0.60558
0.49205
0.48879
0.47879
0.42605
0.50851
0.54593
0.57309
0.55143
0.47845
0.51595
0.48933
0.49547
0.52616
0.53109
0.56137
0.55474
0.44895
0.46836
0.53848
0.50284
0.44336
0.38341
0.55678
0.54359
0.66497
0.45225
0.57074
0.43911
0.47136
0.59441
0.42879
0.55529
0.52983
0.57567
0.36215
0.49291
0.52618
