.306030
3.872792
.500976
.042334
.005836
.027236
3.249694
.445332
.419774
.025962
.204996
.085476
.207902
.540640
.044736
1.705362
4.009028
1.585526
.010746
.844306
1.156482
3.117136
2.707112
.676990
.016524
.036462
.389562
.258532
1.344740
.413358
.918374
1.104516
1.441024
.661054
.025832
.100464
.138180
.464622
.081966
2.925586
.741774
1.270930
.000424
.001874
.111246
.001162
.523528
1.195234
.466706
.000986
.069618
6.891732
.468252
.020852
1.217848
.325122
.460258
.163422
.016862
.507136
.261632
1.069952
.453294
.134326
.051906
.069726
.008362
.001950
.542652
.647648
.516708
1.103296
.383360
.724982
.109336
.143900
1.566356
.001842
.857390
.155268
.789692
1.768616
.488162
.016710
4.374734
.396238
5.563628
2.248508
.095012
.008940
.868316
.214466
.135594
.001336
.005348
.329666
.971926
2.012402
1.493142
.065580
.000044
.020166
3.768258
1.505260
.000342
1.329948
1.751194
1.538054
.044354
.408626
2.122266
.035196
1.260148
1.196080
8.081342
1.261482
.508986
.664850
.254924
6.108694
.588072
1.184368
1.070002
.641526
.002858
1.982048
1.599126
.462000
1.180966
.983208
.936326
1.168906
2.417988
.029232
2.973676
3.316904
1.894246
.129946
.011572
.052274
.737548
.052888
.324828
4.375466
.004658
.038162
.688784
1.930462
2.109232
2.213732
.112862
.105014
2.199680
1.027294
.012052
1.001042
2.782458
2.559424
1.177094
.009742
1.669766
.133638
.730724
.016724
2.512918
3.309300
.284074
.000978
.135750
.422826
.020434
.021610
.282618
.721048
.078022
.415344
.002520
.268836
.045572
1.648438
1.224598
3.328344
.026640
.049786
3.582856
.001312
3.348814
.491000
.360348
.185198
.687882
4.213724
2.476244
1.992910
.000080
.091046
2.890066
2.142994
1.422706
.381226
1.887508
.241044
.009678
.255400
1.477796
1.910652
5.860078
3.617560
4.991254
.063352
1.229030
.138244
.583118
.470156
.026838
.174634
.372856
1.051714
.256674
.204128
.542710
.069044
1.365736
1.855304
.205268
1.126560
.042628
.050948
.027654
.908618
.419806
3.318998
.247756
.670078
1.392220
.345276
1.229260
3.981900
.594156
2.371982
.000938
.000582
2.234340
3.924208
0
.032404
.079632
1.105788
.586350
.021496
.004208
2.344918
.210804
.175062
.556288
.192300
1.139726
.256982
.120572
1.251464
.718162
1.240652
.296394
.052060
.440434
.000550
.491490
.220142
.068012
.519188
.587644
.581610
1.482752
.911588
1.534006
.098378
.017490
1.961188
2.336718
1.206210
.186482
1.079726
.393784
.149564
3.538122
.455336
.086742
.016344
2.429140
.211352
7.125168
1.469872
1.864714
3.749190
3.543308
.148568
.092730
3.082878
.000536
1.206112
.798076
.556406
.026638
.416334
.248724
1.104248
.000112
.932752
.545544
.448334
.613950
.509064
.002448
.427592
.352258
.035460
5.670852
.528906
.012060
.062606
1.135594
1.531552
.025386
.847412
.879102
1.189296
.424434
.140120
.003884
.009246
4.441384
.028112
1.175184
1.179532
1.697880
.020524
2.223862
.424330
.063002
.029660
.131308
.873098
.040814
2.312568
.425510
.034680
1.204122
2.964744
.051988
.075480
.011108
.227430
1.133322
.031786
.408342
.189996
.033536
.528772
.213424
.515160
.208132
.076204
.624616
.074536
2.354568
1.360848
.483968
.642220
.051770
.354076
.442410
.051510
.124438
1.572904
.261184
.000142
1.191706
1.858806
1.011770
.495274
2.395112
.810698
.740942
1.561776
2.110730
2.539284
.132812
1.025348
.622848
.599574
1.049412
.768998
4.686430
.023744
.061668
.006206
.890202
3.934132
.027388
1.995826
2.054494
.006992
4.681432
.231118
.611664
.001510
.342846
5.124186
.460630
.062488
.759588
1.452852
.985560
.252650
.147070
1.605970
.404406
.001122
.368334
1.340452
1.739808
5.413764
1.581356
.584640
.592420
.040878
2.218168
.514126
.037030
.235988
1.249434
2.088650
2.429758
.006146
.753076
2.085236
1.171130
2.168878
4.257872
.717062
2.641890
.236212
1.081424
.614640
.057872
.244318
1.452538
1.080550
.077064
.005692
2.385050
1.302338
.676946
1.016604
1.506558
3.021942
2.354116
.721312
.078398
.933330
.172268
.194692
4.364934
.099210
5.735062
.174824
3.570314
.149486
.023576
.196886
11.472592
.843596
.000800
4.439066
.232082
.086412
1.430324
.275440
.831646
.290058
1.806746
.000308
.001390
.616914
.863082
.064210
.045128
3.686690
2.807016
.076428
.247834
.018244
1.568680
.038936
.903656
.038980
2.543640
.815406
.509396
.262880
3.427016
1.703740
.387304
1.888834
1.245332
.468190
.050930
2.432498
2.213872
.650014
1.153010
1.963246
.462522
2.095440
.822858
.005896
1.163330
.284036
1.198652
1.976764
4.013150
.311912
1.598234
.521410
.477058
.317918
.265672
.795846
3.092486
.388016
2.044950
4.929870
2.508028
4.188966
2.450458
.003206
.214408
.335826
1.972576
.310336
.733866
.628998
.187092
.620434
.000640
.153646
.038780
.068152
.159250
.029328
.000032
.477804
.618886
.334666
.014648
1.154992
.245690
1.289606
.197670
.000150
.004524
.066850
.140180
1.971346
.140638
.082810
.036024
1.192176
.923684
.000004
.000022
.005286
1.585612
2.683070
.010530
.697112
.038774
.463428
1.160774
.486522
1.988858
.016252
.297280
.065042
.231424
6.208072
.166178
.000044
.215106
.340384
1.467068
3.545544
4.307652
1.406706
1.352436
2.273140
3.432602
6.215478
2.072802
.294342
4.789550
.354302
.014488
.002000
.030122
.113404
2.934046
1.406380
.016310
1.150846
.220584
.553134
1.805464
2.291846
.479464
.549648
.617524
.190762
.276080
.698376
.028336
.362398
.081784
.947556
.003144
2.304778
.604762
.058556
.001270
1.392342
.016776
.013554
.063834
1.330268
1.168636
.665066
.071718
.003084
.137588
.228568
1.064390
2.318600
.642346
.038508
4.042998
.527260
.018326
.394590
.222532
3.099112
.932588
.585010
.063932
.006874
.003334
1.991750
2.054426
.983862
1.643282
.237910
.609348
.000100
.680338
.306494
1.965024
.672144
.000068
.074286
1.425174
4.034344
.452548
.236622
.138076
3.866148
2.393274
.000592
.291478
.082758
.266292
1.038220
.612760
1.041344
.808986
1.628602
.833928
4.155356
.529140
1.109362
1.207430
.465852
4.584636
.152726
.967948
.519172
1.243500
.818280
.481360
.371486
3.267062
.034126
1.917604
.302714
2.388156
.321648
.328354
2.366120
.071776
.197154
2.171292
.010374
.009742
1.585842
1.526722
4.987360
1.048922
2.683230
.249120
.549366
.082048
.021298
2.843020
.064648
.017910
.001564
1.335248
3.015822
2.224966
.007914
.556668
.312906
3.770462
.353758
.588338
1.747816
1.498408
.340448
1.066206
1.364436
.973936
1.617704
2.952822
.051972
.017974
.019362
.226552
.275708
.139816
1.708270
.035450
7.501466
.259264
.639070
2.503316
.000332
.115656
1.235476
6.625722
3.316708
2.323798
.872852
1.078078
1.819836
.160568
2.639054
.862052
2.710674
2.294858
.100322
.060372
.402578
.152296
.567238
.443230
3.227770
.297914
.876718
.853788
.000774
.059576
.343854
2.211242
.263950
.167282
.881562
.041552
.127840
1.919682
.263802
1.422330
.072348
.629084
1.003146
.973210
.000134
2.139312
1.109250
.353748
6.893528
.194822
.249052
.981780
.271822
.403698
1.307650
1.550234
.119372
4.798472
.087016
.401264
.002968
1.665432
2.371348
.330852
.008888
3.838342
5.458586
.497850
.555544
1.840228
1.146742
.235304
2.506650
1.354836
1.236240
2.218884
.038810
.509900
2.633920
.356250
.105432
.084386
1.021410
1.972492
7.229004
.707434
.010352
1.536312
.009356
.064768
.485730
1.511986
.702254
3.792456
.050194
.173454
.170654
4.554306
.798420
.289404
2.009296
.073888
.021682
2.991172
.168184
.791216
1.543370
.094630
1.468328
.182420
.402442
.211204
5.330934
.010516
2.070218
.983920
2.142488
.071378
.175382
1.865378
.023234
.036546
.000002
.237052
.061244
6.412616
.040436
1.393720
1.257822
.817436
1.311254
1.919552
.057850
1.194102
.009966
.394564
.276110
1.771662
2.347316
1.062740
.108326
.420566
.963068
.217928
.240466
.001060
.381616
.021812
.561394
1.243512
.038204
1.119736
.880894
3.634796
.295636
.001298
2.408652
1.626256
.009118
.956952
.033098
.322546
.551408
1.200520
3.029126
.820058
.004518
3.340658
.252136
4.866402
.000346
.000688
4.988042
.012294
3.506992
.958072
4.833200
.171434
.694942
1.800474
1.797590
.038976
3.537886
1.241546
.345492
.370986
.141328
3.197316
4.870412
3.509318
.930138
.006570
.254642
.013238
.237502
4.259888
.257790
2.944942
.834802
2.956874
1.367050
.254710
.000172
.055518
.001838
.141590
4.212972
.955682
.498166
.008704
.448182
1.177996
.057178
.003642
1.355542
3.715362
1.060166
.029658
2.469208
.000154
.141746
.573268
1.372904
1.051756
.772426
.144258
.657250
.033074
.466670
1.837212
2.641344
1.934996
.091548
.622898
.006160
.132196
.114396
.170112
1.193056
1.349848
.059290
2.508650
.114926
.081224
.115784
.436668
.000488
5.408048
5.830578
.829428
.111522
