Supplemental results for CODEML (seqf: lysozyme.nuc  treef: lysozyme.trees)


MLEs of dN/dS (w) for site classes (K=4)

site class             0        1       2a       2b
proportion       0.32651  0.26931  0.22149  0.18269
background w     0.00000  1.00000  0.00000  1.00000
foreground w     0.00000  1.00000  4.80983  4.80983

Naive Empirical Bayes (NEB) probabilities for 4 classes
(amino acids refer to 1st sequence: 1.human)

   1 K   0.46383 0.16485 0.27171 0.09961 ( 1)
   2 V   0.00000 0.61288 0.00000 0.38712 ( 2)
   3 F   0.42372 0.19607 0.25807 0.12214 ( 1)
   4 E   0.49566 0.14154 0.27972 0.08307 ( 1)
   5 R   0.46184 0.16634 0.27114 0.10068 ( 1)
   6 C   0.45904 0.16841 0.27036 0.10219 ( 1)
   7 E   0.46492 0.16403 0.27202 0.09902 ( 1)
   8 L   0.37432 0.23248 0.24159 0.15161 ( 1)
   9 A   0.42287 0.19548 0.25924 0.12241 ( 1)
  10 R   0.48609 0.14850 0.27748 0.08793 ( 1)
  11 T   0.46219 0.16608 0.27123 0.10049 ( 1)
  12 L   0.35997 0.24351 0.23583 0.16069 ( 1)
  13 K   0.49460 0.14232 0.27947 0.08360 ( 1)
  14 R   0.00000 0.08296 0.69000 0.22704 ( 3)
  15 L   0.00000 0.60528 0.00000 0.39472 ( 2)
  16 G   0.46566 0.16337 0.27236 0.09861 ( 1)
  17 M   0.00000 0.60242 0.00000 0.39758 ( 2)
  18 D   0.53275 0.11524 0.28681 0.06520 ( 1)
  19 G   0.45840 0.16878 0.27029 0.10253 ( 1)
  20 Y   0.41719 0.19976 0.25735 0.12571 ( 1)
  21 R   0.00000 0.08755 0.66449 0.24796 ( 3)
  22 G   0.46566 0.16337 0.27236 0.09861 ( 1)
  23 I   0.00000 0.09635 0.62026 0.28340 ( 3)
  24 S   0.47902 0.15369 0.27571 0.09158 ( 1)
  25 L   0.37106 0.23498 0.24030 0.15366 ( 1)
  26 A   0.43419 0.18696 0.26291 0.11594 ( 1)
  27 N   0.48291 0.15083 0.27670 0.08957 ( 1)
  28 W   0.39114 0.21961 0.24802 0.14123 ( 1)
  29 M   0.00000 0.60917 0.00000 0.39083 ( 2)
  30 C   0.45884 0.16860 0.27025 0.10231 ( 1)
  31 L   0.37432 0.23248 0.24159 0.15161 ( 1)
  32 A   0.42287 0.19548 0.25924 0.12241 ( 1)
  33 K   0.49460 0.14232 0.27947 0.08360 ( 1)
  34 W   0.39114 0.21961 0.24802 0.14123 ( 1)
  35 E   0.46492 0.16403 0.27202 0.09902 ( 1)
  36 S   0.52813 0.11853 0.28599 0.06735 ( 1)
  37 G   0.00000 0.43808 0.00000 0.56192 ( 4)
  38 Y   0.45522 0.17130 0.26920 0.10428 ( 1)
  39 N   0.48291 0.15083 0.27670 0.08957 ( 1)
  40 T   0.43320 0.18770 0.26259 0.11650 ( 1)
  41 R   0.00000 0.24562 0.00000 0.75438 ( 4)
  42 A   0.46340 0.16519 0.27157 0.09984 ( 1)
  43 T   0.43320 0.18770 0.26259 0.11650 ( 1)
  44 N   0.48291 0.15083 0.27670 0.08957 ( 1)
  45 Y   0.41719 0.19976 0.25735 0.12571 ( 1)
  46 N   0.53193 0.11583 0.28666 0.06558 ( 1)
  47 A   0.00000 0.61216 0.00000 0.38784 ( 2)
  48 G   0.46566 0.16337 0.27236 0.09861 ( 1)
  49 D   0.48493 0.14908 0.27753 0.08846 ( 1)
  50 R   0.00000 0.25933 0.00000 0.74067 ( 4)
  51 S   0.47902 0.15369 0.27571 0.09158 ( 1)
  52 T   0.46219 0.16608 0.27123 0.10049 ( 1)
  53 D   0.53275 0.11524 0.28681 0.06520 ( 1)
  54 Y   0.45560 0.17093 0.26942 0.10405 ( 1)
  55 G   0.43906 0.18321 0.26455 0.11319 ( 1)
  56 I   0.46075 0.16715 0.27083 0.10127 ( 1)
  57 F   0.42875 0.19109 0.26113 0.11904 ( 1)
  58 Q   0.38698 0.22279 0.24646 0.14377 ( 1)
  59 I   0.42978 0.19027 0.26150 0.11845 ( 1)
  60 N   0.53193 0.11583 0.28666 0.06558 ( 1)
  61 S   0.47902 0.15369 0.27571 0.09158 ( 1)
  62 R   0.00000 0.41787 0.00000 0.58213 ( 4)
  63 Y   0.42556 0.19145 0.26251 0.12048 ( 1)
  64 W   0.39114 0.21961 0.24802 0.14123 ( 1)
  65 C   0.45904 0.16841 0.27036 0.10219 ( 1)
  66 N   0.53072 0.11703 0.28601 0.06625 ( 1)
  67 D   0.00000 0.63801 0.00000 0.36199 ( 2)
  68 G   0.45840 0.16878 0.27029 0.10253 ( 1)
  69 K   0.00000 0.62986 0.00000 0.37014 ( 2)
  70 T   0.42198 0.19616 0.25894 0.12293 ( 1)
  71 P   0.39057 0.22005 0.24780 0.14158 ( 1)
  72 G   0.46566 0.16337 0.27236 0.09861 ( 1)
  73 A   0.43419 0.18696 0.26291 0.11594 ( 1)
  74 V   0.46461 0.16425 0.27195 0.09919 ( 1)
  75 N   0.00000 0.61745 0.00000 0.38255 ( 2)
  76 A   0.42287 0.19548 0.25924 0.12241 ( 1)
  77 C   0.45904 0.16841 0.27036 0.10219 ( 1)
  78 H   0.00000 0.62346 0.00000 0.37653 ( 2)
  79 L   0.00000 0.62272 0.00000 0.37728 ( 2)
  80 S   0.38957 0.22080 0.24744 0.14219 ( 1)
  81 C   0.42155 0.19648 0.25879 0.12317 ( 1)
  82 S   0.00000 0.61738 0.00000 0.38262 ( 2)
  83 A   0.46340 0.16519 0.27157 0.09984 ( 1)
  84 L   0.37432 0.23248 0.24159 0.15161 ( 1)
  85 L   0.35997 0.24351 0.23583 0.16069 ( 1)
  86 Q   0.40193 0.21143 0.25192 0.13472 ( 1)
  87 D   0.00000 0.06804 0.75619 0.17576 ( 3)
  88 N   0.00000 0.62734 0.00000 0.37265 ( 2)
  89 I   0.43019 0.18986 0.26175 0.11819 ( 1)
  90 A   0.00000 0.62324 0.00000 0.37676 ( 2)
  91 D   0.00000 0.63867 0.00000 0.36133 ( 2)
  92 A   0.46340 0.16519 0.27157 0.09984 ( 1)
  93 V   0.42971 0.19162 0.25993 0.11874 ( 1)
  94 A   0.00000 0.60769 0.00000 0.39231 ( 2)
  95 C   0.45904 0.16841 0.27036 0.10219 ( 1)
  96 A   0.43419 0.18696 0.26291 0.11594 ( 1)
  97 K   0.46383 0.16485 0.27171 0.09961 ( 1)
  98 R   0.46184 0.16634 0.27114 0.10068 ( 1)
  99 V   0.46435 0.16451 0.27179 0.09934 ( 1)
 100 V   0.42381 0.19475 0.25957 0.12187 ( 1)
 101 R   0.00000 0.63526 0.00000 0.36474 ( 2)
 102 D   0.53275 0.11524 0.28681 0.06520 ( 1)
 103 P   0.39057 0.22005 0.24780 0.14158 ( 1)
 104 Q   0.40212 0.21124 0.25204 0.13460 ( 1)
 105 G   0.45840 0.16878 0.27029 0.10253 ( 1)
 106 I   0.00000 0.62466 0.00000 0.37534 ( 2)
 107 R   0.43490 0.15384 0.30234 0.10892 ( 1)
 108 A   0.43419 0.18696 0.26291 0.11594 ( 1)
 109 W   0.39114 0.21961 0.24802 0.14123 ( 1)
 110 V   0.40900 0.20597 0.25451 0.13051 ( 1)
 111 A   0.43419 0.18696 0.26291 0.11594 ( 1)
 112 W   0.39114 0.21961 0.24802 0.14123 ( 1)
 113 R   0.00000 0.62057 0.00000 0.37943 ( 2)
 114 N   0.00000 0.63539 0.00000 0.36461 ( 2)
 115 R   0.00000 0.61567 0.00000 0.38433 ( 2)
 116 C   0.45904 0.16841 0.27036 0.10219 ( 1)
 117 Q   0.00000 0.61079 0.00000 0.38920 ( 2)
 118 N   0.48291 0.15083 0.27670 0.08957 ( 1)
 119 R   0.00000 0.62789 0.00000 0.37211 ( 2)
 120 D   0.53275 0.11524 0.28681 0.06520 ( 1)
 121 V   0.00000 0.61509 0.00000 0.38490 ( 2)
 122 R   0.00000 0.63761 0.00000 0.36239 ( 2)
 123 Q   0.38698 0.22279 0.24646 0.14377 ( 1)
 124 Y   0.45269 0.17372 0.26780 0.10578 ( 1)
 125 V   0.00000 0.62349 0.00000 0.37651 ( 2)
 126 Q   0.00000 0.27205 0.00000 0.72795 ( 4)
 127 G   0.51003 0.13116 0.28287 0.07595 ( 1)
 128 C   0.45904 0.16841 0.27036 0.10219 ( 1)
 129 G   0.46566 0.16337 0.27236 0.09861 ( 1)
 130 V   0.43078 0.19028 0.26090 0.11803 ( 1)


lnL = -1035.533916

Bayes Empirical Bayes (BEB) probabilities for 4 classes (class)
(amino acids refer to 1st sequence: 1.human)

   1 K   0.51262 0.15969 0.24743 0.08026 ( 1)
   2 V   0.13236 0.52618 0.06771 0.27375 ( 2)
   3 F   0.47671 0.18734 0.23898 0.09697 ( 1)
   4 E   0.54109 0.13897 0.25201 0.06794 ( 1)
   5 R   0.51086 0.16101 0.24708 0.08105 ( 1)
   6 C   0.50834 0.16284 0.24664 0.08217 ( 1)
   7 E   0.51359 0.15897 0.24762 0.07982 ( 1)
   8 L   0.43180 0.21966 0.22946 0.11907 ( 1)
   9 A   0.47581 0.18682 0.24014 0.09723 ( 1)
  10 R   0.53253 0.14517 0.25073 0.07156 ( 1)
  11 T   0.51118 0.16078 0.24713 0.08090 ( 1)
  12 L   0.41867 0.22951 0.22590 0.12592 ( 1)
  13 K   0.54015 0.13966 0.25185 0.06833 ( 1)
  14 R   0.03623 0.10441 0.66583 0.19353 ( 3)
  15 L   0.04204 0.60835 0.02263 0.32698 ( 2)
  16 G   0.51413 0.15838 0.24792 0.07956 ( 1)
  17 M   0.02454 0.62284 0.01358 0.33904 ( 2)
  18 D   0.57427 0.11538 0.25585 0.05451 ( 1)
  19 G   0.50767 0.16318 0.24669 0.08246 ( 1)
  20 Y   0.47067 0.19060 0.23903 0.09969 ( 1)
  21 R   0.03396 0.10840 0.64754 0.21010 ( 3)
  22 G   0.51413 0.15838 0.24792 0.07956 ( 1)
  23 I   0.03083 0.11652 0.61454 0.23811 ( 3)
  24 S   0.52625 0.14978 0.24970 0.07428 ( 1)
  25 L   0.42882 0.22189 0.22867 0.12061 ( 1)
  26 A   0.48601 0.17927 0.24231 0.09241 ( 1)
  27 N   0.52970 0.14724 0.25028 0.07278 ( 1)
  28 W   0.44712 0.20821 0.23339 0.11128 ( 1)
  29 M   0.14029 0.51444 0.07318 0.27209 ( 2)
  30 C   0.50817 0.16302 0.24656 0.08226 ( 1)
  31 L   0.43180 0.21966 0.22946 0.11907 ( 1)
  32 A   0.47581 0.18682 0.24014 0.09723 ( 1)
  33 K   0.54015 0.13966 0.25185 0.06833 ( 1)
  34 W   0.44712 0.20821 0.23339 0.11128 ( 1)
  35 E   0.51359 0.15897 0.24762 0.07982 ( 1)
  36 S   0.57020 0.11834 0.25534 0.05611 ( 1)
  37 G   0.00291 0.48724 0.00838 0.50146 ( 4)
  38 Y   0.50488 0.16540 0.24597 0.08374 ( 1)
  39 N   0.52970 0.14724 0.25028 0.07278 ( 1)
  40 T   0.48513 0.17993 0.24212 0.09283 ( 1)
  41 R   0.00320 0.28693 0.03333 0.67654 ( 4)
  42 A   0.51226 0.15999 0.24733 0.08042 ( 1)
  43 T   0.48513 0.17993 0.24212 0.09283 ( 1)
  44 N   0.52970 0.14724 0.25028 0.07278 ( 1)
  45 Y   0.47067 0.19060 0.23903 0.09969 ( 1)
  46 N   0.57356 0.11591 0.25574 0.05479 ( 1)
  47 A   0.13011 0.52778 0.06675 0.27537 ( 2)
  48 G   0.51413 0.15838 0.24792 0.07956 ( 1)
  49 D   0.53147 0.14569 0.25087 0.07197 ( 1)
  50 R   0.00582 0.29009 0.07180 0.63229 ( 4)
  51 S   0.52625 0.14978 0.24970 0.07428 ( 1)
  52 T   0.51118 0.16078 0.24713 0.08090 ( 1)
  53 D   0.57427 0.11538 0.25585 0.05451 ( 1)
  54 Y   0.50521 0.16508 0.24613 0.08358 ( 1)
  55 G   0.49032 0.17595 0.24334 0.09039 ( 1)
  56 I   0.50989 0.16173 0.24690 0.08148 ( 1)
  57 F   0.48115 0.18292 0.24123 0.09470 ( 1)
  58 Q   0.44334 0.21104 0.23244 0.11318 ( 1)
  59 I   0.48204 0.18221 0.24148 0.09428 ( 1)
  60 N   0.57356 0.11591 0.25574 0.05479 ( 1)
  61 S   0.52625 0.14978 0.24970 0.07428 ( 1)
  62 R   0.01843 0.41735 0.09553 0.46868 ( 4)
  63 Y   0.47804 0.18328 0.24281 0.09588 ( 1)
  64 W   0.44712 0.20821 0.23339 0.11128 ( 1)
  65 C   0.50834 0.16284 0.24664 0.08217 ( 1)
  66 N   0.57246 0.11699 0.25525 0.05530 ( 1)
  67 D   0.20829 0.47653 0.09239 0.22279 ( 2)
  68 G   0.50767 0.16318 0.24669 0.08246 ( 1)
  69 K   0.18105 0.49528 0.08415 0.23953 ( 2)
  70 T   0.47501 0.18742 0.23996 0.09761 ( 1)
  71 P   0.44661 0.20860 0.23325 0.11153 ( 1)
  72 G   0.51413 0.15838 0.24792 0.07956 ( 1)
  73 A   0.48601 0.17927 0.24231 0.09241 ( 1)
  74 V   0.51330 0.15916 0.24759 0.07995 ( 1)
  75 N   0.20644 0.45734 0.10258 0.23364 ( 2)
  76 A   0.47581 0.18682 0.24014 0.09723 ( 1)
  77 C   0.50834 0.16284 0.24664 0.08217 ( 1)
  78 H   0.16164 0.50812 0.07785 0.25239 ( 2)
  79 L   0.15080 0.51807 0.07297 0.25816 ( 2)
  80 S   0.44569 0.20927 0.23304 0.11200 ( 1)
  81 C   0.47463 0.18770 0.23987 0.09780 ( 1)
  82 S   0.04169 0.62102 0.02117 0.31613 ( 2)
  83 A   0.51226 0.15999 0.24733 0.08042 ( 1)
  84 L   0.43180 0.21966 0.22946 0.11907 ( 1)
  85 L   0.41867 0.22951 0.22590 0.12592 ( 1)
  86 Q   0.45692 0.20095 0.23573 0.10641 ( 1)
  87 D   0.04148 0.08959 0.71573 0.15320 ( 3)
  88 N   0.17411 0.49963 0.08206 0.24421 ( 2)
  89 I   0.48240 0.18185 0.24166 0.09409 ( 1)
  90 A   0.15976 0.50972 0.07704 0.25349 ( 2)
  91 D   0.04933 0.63419 0.02230 0.29418 ( 2)
  92 A   0.51226 0.15999 0.24733 0.08042 ( 1)
  93 V   0.48207 0.18338 0.24010 0.09445 ( 1)
  94 A   0.14989 0.50367 0.07830 0.26814 ( 2)
  95 C   0.50834 0.16284 0.24664 0.08217 ( 1)
  96 A   0.48601 0.17927 0.24231 0.09241 ( 1)
  97 K   0.51262 0.15969 0.24743 0.08026 ( 1)
  98 R   0.51086 0.16101 0.24708 0.08105 ( 1)
  99 V   0.51307 0.15939 0.24747 0.08007 ( 1)
 100 V   0.47665 0.18617 0.24035 0.09683 ( 1)
 101 R   0.01090 0.66890 0.00515 0.31505 ( 2)
 102 D   0.57427 0.11538 0.25585 0.05451 ( 1)
 103 P   0.44661 0.20860 0.23325 0.11153 ( 1)
 104 Q   0.45709 0.20078 0.23582 0.10632 ( 1)
 105 G   0.50767 0.16318 0.24669 0.08246 ( 1)
 106 I   0.16580 0.50515 0.07933 0.24972 ( 2)
 107 R   0.47483 0.14758 0.28639 0.09121 ( 1)
 108 A   0.48601 0.17927 0.24231 0.09241 ( 1)
 109 W   0.44712 0.20821 0.23339 0.11128 ( 1)
 110 V   0.46328 0.19611 0.23733 0.10328 ( 1)
 111 A   0.48601 0.17927 0.24231 0.09241 ( 1)
 112 W   0.44712 0.20821 0.23339 0.11128 ( 1)
 113 R   0.04097 0.62487 0.02045 0.31372 ( 2)
 114 N   0.01257 0.66736 0.00592 0.31415 ( 2)
 115 R   0.14747 0.51417 0.07413 0.26424 ( 2)
 116 C   0.50834 0.16284 0.24664 0.08217 ( 1)
 117 Q   0.12612 0.53030 0.06521 0.27837 ( 2)
 118 N   0.52970 0.14724 0.25028 0.07278 ( 1)
 119 R   0.17643 0.49790 0.08285 0.24282 ( 2)
 120 D   0.57427 0.11538 0.25585 0.05451 ( 1)
 121 V   0.13619 0.52473 0.06874 0.27034 ( 2)
 122 R   0.19722 0.48700 0.08787 0.22790 ( 2)
 123 Q   0.44334 0.21104 0.23244 0.11318 ( 1)
 124 Y   0.50265 0.16755 0.24496 0.08484 ( 1)
 125 V   0.03762 0.63115 0.01851 0.31272 ( 2)
 126 Q   0.01162 0.27799 0.14448 0.56592 ( 4)
 127 G   0.55386 0.12970 0.25381 0.06263 ( 1)
 128 C   0.50834 0.16284 0.24664 0.08217 ( 1)
 129 G   0.51413 0.15838 0.24792 0.07956 ( 1)
 130 V   0.48298 0.18221 0.24086 0.09395 ( 1)

