

TREE # 1

  0  0.0000   1148.448477  x:  0.01000   0.02107   0.08631   0.02800   0.10029   0.09898   0.04870   0.05759   0.09822   0.02858   0.07388   0.03692   0.03467   0.02362   0.02830   0.08845   0.08165   0.03795   0.07181   0.04940   0.10435   0.05309   0.01860   0.02862   0.01343   0.10089   0.06016   0.05088   0.10982   0.01967   0.02998   0.02448   0.08919   3.00000   1.03654   0.10912   0.23314   2.38250  
  1 99.0000   1103.431776  x:  0.09402   0.07594   0.07315   0.01171   0.07929   0.07573   0.03725   0.03690   0.08629   0.03100   0.05111   0.01372   0.01738   0.00000   0.01189   0.07054   0.06122   0.02622   0.05172   0.03477   0.08367   0.06092   0.00638   0.01395   0.01959   0.07806   0.03697   0.04488   0.11998   0.02858   0.01086   0.03079   0.08005   3.00024   1.03537   0.11015   0.22395   2.38257  
  2 630.3234   1086.219358  x:  0.09128   0.07757   0.06544   0.00763   0.06749   0.06232   0.03154   0.02464   0.07979   0.02760   0.03740   0.00000   0.01041   0.00000   0.00768   0.06037   0.04955   0.02177   0.04041   0.02794   0.07160   0.06316   0.00839   0.00923   0.01835   0.06435   0.02316   0.04258   0.12305   0.02764   0.00180   0.03134   0.07528   3.00041   1.03487   0.11060   0.22013   2.38260  
  3 593.2189   1082.888710  x:  0.09087   0.07802   0.06379   0.00804   0.06486   0.05927   0.03052   0.02198   0.07841   0.02696   0.03419   0.00000   0.01000   0.00000   0.00824   0.05814   0.04696   0.02118   0.03794   0.02677   0.06885   0.06358   0.00783   0.00921   0.01826   0.06116   0.01995   0.04212   0.12356   0.02773   0.00000   0.03159   0.07418   3.00045   1.03479   0.11067   0.21949   2.38261  
  4 4259.4676   1065.136349  x:  0.08881   0.08055   0.05494   0.00758   0.04984   0.04106   0.02693   0.00757   0.07122   0.02407   0.01421   0.00000   0.01416   0.00000   0.00553   0.04577   0.03219   0.02092   0.02453   0.02352   0.05247   0.06586   0.00770   0.01131   0.01833   0.04137   0.00000   0.04033   0.12502   0.03058   0.00000   0.03395   0.06757   3.00072   1.03455   0.11085   0.21737   2.38264  
  5 6703.7232   1056.813501  x:  0.08866   0.08199   0.05081   0.00572   0.04166   0.02981   0.02689   0.00337   0.06829   0.02270   0.00000   0.00000   0.01378   0.00000   0.00927   0.03951   0.02437   0.02236   0.01871   0.02537   0.04205   0.06632   0.01044   0.00815   0.01803   0.02731   0.00000   0.04014   0.12409   0.03168   0.00000   0.03416   0.06377   3.00094   1.03470   0.11067   0.21782   2.38266  
  6 1995.7983   1046.562446  x:  0.08838   0.08389   0.04445   0.01192   0.02838   0.01026   0.02664   0.00587   0.06412   0.01988   0.00000   0.00000   0.00834   0.00000   0.00636   0.02967   0.01243   0.02323   0.01138   0.02855   0.02327   0.06619   0.01082   0.00493   0.01712   0.00000   0.00000   0.03970   0.12147   0.03134   0.00000   0.03291   0.05754   3.00137   1.03519   0.11013   0.21953   2.38270  
  7 1547.1540   1043.556697  x:  0.08792   0.08478   0.04139   0.01016   0.02157   0.00000   0.02674   0.00962   0.06170   0.01943   0.00000   0.00000   0.00573   0.00000   0.00640   0.02551   0.00896   0.02196   0.00974   0.02823   0.01479   0.06608   0.00989   0.00787   0.01662   0.00000   0.00000   0.03909   0.12049   0.03011   0.00000   0.03199   0.05486   3.00160   1.03541   0.10988   0.22008   2.38272  
  8 905.0495   1042.155596  x:  0.08654   0.08604   0.03702   0.00880   0.01127   0.00000   0.02716   0.01466   0.05729   0.02065   0.00000   0.00000   0.00855   0.00000   0.00615   0.02074   0.00925   0.01869   0.01013   0.02540   0.00569   0.06590   0.00680   0.00451   0.01617   0.00000   0.00000   0.03776   0.11963   0.02758   0.00000   0.03071   0.05149   3.00194   1.03571   0.10955   0.22037   2.38275  
  9 340.7464   1041.794779  x:  0.08611   0.08742   0.03407   0.00972   0.00610   0.00000   0.02782   0.01533   0.05389   0.02175   0.00000   0.00000   0.00806   0.00000   0.00612   0.01839   0.00982   0.01813   0.01054   0.02455   0.00814   0.06567   0.00812   0.00479   0.01619   0.00000   0.00000   0.03722   0.11862   0.02666   0.00000   0.03020   0.04895   3.00225   1.03603   0.10920   0.22095   2.38277  
 10 92.2996   1041.342188  x:  0.08429   0.09112   0.02678   0.01027   0.00967   0.00000   0.02879   0.01476   0.04427   0.02415   0.00000   0.00000   0.00751   0.00000   0.00601   0.01491   0.01111   0.01703   0.01101   0.02152   0.00855   0.06499   0.00884   0.00491   0.01632   0.00000   0.00000   0.03559   0.11620   0.02474   0.00000   0.02949   0.04257   3.00321   1.03698   0.10814   0.22231   2.38285  
 11 67.6531   1041.090405  x:  0.08207   0.09408   0.02584   0.00925   0.00885   0.00000   0.02752   0.01284   0.03823   0.02383   0.00000   0.00000   0.00652   0.00000   0.00555   0.02020   0.01025   0.01691   0.01053   0.01925   0.00881   0.06436   0.00635   0.00446   0.01605   0.00000   0.00000   0.03457   0.11492   0.02456   0.00000   0.03001   0.04009   3.00432   1.03802   0.10698   0.22315   2.38294  
 12 40.2793   1040.888736  x:  0.08063   0.09772   0.02853   0.01006   0.00866   0.00000   0.02409   0.01152   0.03561   0.02208   0.00000   0.00000   0.00753   0.00000   0.00610   0.02103   0.01082   0.01436   0.01012   0.01605   0.00791   0.06452   0.00868   0.00519   0.01569   0.00000   0.00000   0.03388   0.11565   0.02401   0.00000   0.03043   0.04075   3.00575   1.03915   0.10567   0.22237   2.38307  
 13 32.9182   1040.646025  x:  0.07748   0.10167   0.03123   0.00849   0.00877   0.00000   0.02157   0.00981   0.03540   0.02026   0.00000   0.00000   0.00758   0.00000   0.00598   0.01668   0.01090   0.01414   0.00979   0.01462   0.00928   0.06563   0.00574   0.00478   0.01611   0.00000   0.00000   0.03296   0.11847   0.02391   0.00000   0.03103   0.04307   3.00791   1.04064   0.10391   0.21947   2.38326  
 14 39.4999   1040.294093  x:  0.07256   0.10788   0.02754   0.00923   0.00801   0.00000   0.02505   0.00647   0.03768   0.02297   0.00000   0.00000   0.00690   0.00000   0.00622   0.01728   0.01196   0.01491   0.01000   0.01404   0.00759   0.07051   0.00533   0.00578   0.01666   0.00000   0.00000   0.03183   0.13014   0.02370   0.00000   0.03168   0.04710   3.01229   1.04260   0.10136   0.20573   2.38369  
 15 35.2336   1040.075293  x:  0.06969   0.11123   0.02442   0.00902   0.00853   0.00000   0.02508   0.00880   0.03814   0.02355   0.00000   0.00000   0.00873   0.00000   0.00712   0.01822   0.00923   0.01470   0.00793   0.01413   0.00900   0.07338   0.00535   0.00565   0.01658   0.00000   0.00000   0.03176   0.13828   0.02444   0.00000   0.03225   0.04774   3.01535   1.04365   0.09987   0.19423   2.38401  
 16 98.2800   1039.854205  x:  0.06815   0.11212   0.02388   0.00893   0.00836   0.00000   0.02203   0.00844   0.03646   0.02239   0.00000   0.00000   0.00954   0.00000   0.00781   0.01824   0.00915   0.01556   0.01135   0.01716   0.00874   0.07401   0.00478   0.00623   0.01630   0.00000   0.00000   0.03400   0.14533   0.02686   0.00000   0.03268   0.04285   3.01917   1.04428   0.09865   0.17665   2.38442  
 17 54.4413   1039.641928  x:  0.06821   0.11038   0.02676   0.00880   0.00815   0.00000   0.02380   0.00846   0.03539   0.02225   0.00000   0.00000   0.00975   0.00000   0.00829   0.01786   0.01151   0.01715   0.00817   0.01671   0.00850   0.07233   0.00411   0.00669   0.01716   0.00000   0.00000   0.03597   0.14798   0.02854   0.00000   0.03322   0.03710   3.02315   1.04457   0.09772   0.15766   2.38487  
 18 67.9995   1039.461364  x:  0.06976   0.10677   0.02840   0.00880   0.00821   0.00000   0.02649   0.00740   0.03511   0.02366   0.00000   0.00000   0.01068   0.00000   0.00861   0.01725   0.00808   0.01677   0.00975   0.01477   0.00878   0.06950   0.00379   0.00688   0.01747   0.00000   0.00000   0.03575   0.14567   0.02873   0.00000   0.03429   0.03559   3.02700   1.04443   0.09722   0.13946   2.38533  
 19 62.5408   1039.262535  x:  0.07246   0.10147   0.02566   0.00850   0.00796   0.00000   0.02474   0.00624   0.03421   0.02501   0.00000   0.00000   0.01152   0.00000   0.00892   0.01713   0.00874   0.01634   0.00822   0.01665   0.00870   0.06646   0.00319   0.00748   0.01687   0.00000   0.00000   0.03345   0.13916   0.02901   0.00000   0.03616   0.03874   3.03193   1.04366   0.09712   0.11677   2.38593  
 20 68.4983   1039.231567  x:  0.07268   0.10095   0.02480   0.00852   0.00786   0.00000   0.02395   0.00660   0.03435   0.02461   0.00000   0.00000   0.01145   0.00000   0.00909   0.01717   0.00898   0.01802   0.00855   0.01528   0.00852   0.06713   0.00342   0.00746   0.01765   0.00000   0.00000   0.03339   0.13761   0.02970   0.00000   0.03627   0.03940   3.03301   1.04311   0.09745   0.11255   2.38607  
 21 28.1234   1039.186540  x:  0.07209   0.10192   0.02434   0.00847   0.00797   0.00000   0.02452   0.00643   0.03548   0.02312   0.00000   0.00000   0.01154   0.00000   0.00910   0.01754   0.00932   0.01679   0.00872   0.01509   0.00877   0.07187   0.00303   0.00744   0.01754   0.00000   0.00000   0.03467   0.13390   0.03046   0.00000   0.03450   0.03909   3.03576   1.04054   0.09936   0.10485   2.38648  
 22 13.9871   1039.159786  x:  0.07104   0.10374   0.02584   0.00860   0.00804   0.00000   0.02438   0.00681   0.03481   0.02403   0.00000   0.00000   0.01142   0.00000   0.00906   0.01753   0.00921   0.01743   0.00880   0.01569   0.00874   0.07412   0.00310   0.00742   0.01708   0.00000   0.00000   0.03411   0.13293   0.02900   0.00000   0.03523   0.03912   3.03828   1.03754   0.10172   0.09929   2.38686  
 23 13.7327   1039.112608  x:  0.06932   0.10655   0.02573   0.00862   0.00810   0.00000   0.02492   0.00727   0.03544   0.02340   0.00000   0.00000   0.01094   0.00000   0.00885   0.01773   0.00948   0.01626   0.00911   0.01617   0.00874   0.07100   0.00336   0.00720   0.01891   0.00000   0.00000   0.03456   0.13441   0.02878   0.00000   0.03619   0.03976   3.04489   1.02887   0.10866   0.09021   2.38791  
 24 11.4902   1039.070231  x:  0.06890   0.10793   0.02543   0.00857   0.00818   0.00000   0.02490   0.00736   0.03662   0.02343   0.00000   0.00000   0.01091   0.00000   0.00861   0.01779   0.00975   0.01668   0.00920   0.01554   0.00884   0.06805   0.00343   0.00717   0.01636   0.00000   0.00000   0.03492   0.13638   0.02863   0.00000   0.03499   0.04000   3.05123   1.02038   0.11547   0.08308   2.38892  
 25 39.8921   1039.022337  x:  0.07027   0.10547   0.02589   0.00839   0.00823   0.00000   0.02363   0.00713   0.03698   0.02524   0.00000   0.00000   0.01100   0.00000   0.00830   0.01812   0.00951   0.01664   0.00896   0.01567   0.00892   0.06747   0.00358   0.00718   0.01754   0.00000   0.00000   0.03420   0.13971   0.02770   0.00000   0.03147   0.03977   3.05968   1.00868   0.12492   0.07710   2.39028  
 26 23.9317   1038.921719  x:  0.07467   0.09694   0.02633   0.00826   0.00831   0.00000   0.02423   0.00770   0.03498   0.02542   0.00000   0.00000   0.01016   0.00000   0.00812   0.01792   0.01010   0.01534   0.00936   0.01517   0.00904   0.06996   0.00378   0.00681   0.01672   0.00000   0.00000   0.03396   0.14714   0.02826   0.00000   0.03325   0.04019   3.07896   0.98139   0.14701   0.06702   2.39341  
 27 43.7155   1038.869392  x:  0.07593   0.09537   0.02539   0.00793   0.00832   0.00000   0.02383   0.00729   0.03620   0.02455   0.00000   0.00000   0.01065   0.00000   0.00805   0.01826   0.01016   0.01576   0.00929   0.01505   0.00921   0.07040   0.00369   0.00693   0.01693   0.00000   0.00000   0.03592   0.14801   0.02457   0.00000   0.03474   0.03939   3.09009   0.96492   0.16042   0.06365   2.39524  
 28 27.6226   1037.961027  x:  0.07134   0.09649   0.02583   0.00501   0.00833   0.00000   0.02207   0.00730   0.04119   0.03250   0.00000   0.00000   0.01047   0.00000   0.00926   0.01852   0.01035   0.01488   0.00913   0.01485   0.00924   0.07197   0.00422   0.00741   0.01708   0.00000   0.00000   0.03744   0.14374   0.03057   0.00000   0.03963   0.03666   3.28810   0.66655   0.40409   0.01313   2.42782  
 29 64.6060   1037.742031  x:  0.07115   0.09745   0.02659   0.00434   0.00837   0.00000   0.02554   0.00715   0.03678   0.02717   0.00000   0.00000   0.01171   0.00000   0.00937   0.01854   0.01030   0.01671   0.00947   0.01595   0.00948   0.07183   0.00446   0.00787   0.01731   0.00000   0.00000   0.03579   0.14403   0.02937   0.00000   0.03620   0.03973   3.33618   0.59438   0.46293   0.00000   2.43576  
 30 269.9215   1037.628488  x:  0.07057   0.09628   0.02700   0.00611   0.00842   0.00000   0.02519   0.00748   0.03554   0.02837   0.00000   0.00000   0.01164   0.00000   0.00923   0.01837   0.01007   0.01678   0.00933   0.01569   0.00941   0.07149   0.00353   0.00810   0.01758   0.00000   0.00000   0.03927   0.14446   0.02933   0.00000   0.03565   0.04177   3.37141   0.55311   0.49419   0.00000   2.44178  
 31  9.7760   1037.591095  x:  0.07051   0.09589   0.02676   0.00664   0.00849   0.00000   0.02521   0.00756   0.03735   0.02697   0.00000   0.00000   0.01181   0.00000   0.00928   0.01870   0.01036   0.01676   0.00961   0.01571   0.00952   0.07156   0.00347   0.00816   0.01764   0.00000   0.00000   0.03577   0.14461   0.02912   0.00000   0.03616   0.04009   3.38275   0.54076   0.50331   0.00000   2.44373  
 32 40.0097   1036.720927  x:  0.06439   0.09699   0.02567   0.00871   0.00785   0.00000   0.02402   0.00541   0.03755   0.01933   0.00000   0.00000   0.01040   0.00000   0.00661   0.01607   0.00728   0.01694   0.00677   0.01724   0.00846   0.07483   0.00694   0.00720   0.01626   0.00000   0.00000   0.03424   0.13840   0.03085   0.00000   0.03531   0.03914   4.01255   0.49152   0.37111   0.00000   2.55696  
 33  2.0148   1036.314359  x:  0.06000   0.09120   0.02635   0.00873   0.00753   0.00000   0.02407   0.00772   0.03805   0.02032   0.00000   0.00000   0.00753   0.00000   0.01051   0.01576   0.00803   0.01585   0.00790   0.01681   0.00782   0.07158   0.00594   0.00715   0.01601   0.00000   0.00000   0.03387   0.13532   0.02709   0.00000   0.03177   0.04195   4.34161   0.43897   0.23368   0.00000   2.67534  
 34  1.2851   1035.843219  x:  0.04633   0.08138   0.02624   0.00810   0.00756   0.00000   0.02242   0.00951   0.03959   0.02494   0.00000   0.00000   0.00738   0.00000   0.00679   0.01529   0.00790   0.01543   0.00812   0.01581   0.00738   0.07024   0.00529   0.00931   0.01648   0.00000   0.00000   0.03496   0.13251   0.02766   0.00000   0.03355   0.04200   4.45940   0.14927  -0.01129   0.00000   3.00354  
 35  0.5399   1035.663030  x:  0.04024   0.07513   0.02690   0.00856   0.00808   0.00000   0.02252   0.00765   0.03885   0.02409   0.00000   0.00000   0.00724   0.00000   0.00890   0.01607   0.00796   0.01620   0.00774   0.01598   0.00821   0.06966   0.00642   0.00868   0.01621   0.00000   0.00000   0.03482   0.13320   0.02772   0.00000   0.03365   0.04116   4.32205  -0.03407  -0.18025   0.00000   3.21901  
 36  0.5421   1035.603322  x:  0.04145   0.07239   0.02673   0.00860   0.00789   0.00000   0.02347   0.00745   0.03767   0.02290   0.00000   0.00000   0.00833   0.00000   0.00803   0.01618   0.00823   0.01639   0.00801   0.01616   0.00823   0.06948   0.00642   0.00862   0.01599   0.00000   0.00000   0.03442   0.13536   0.02703   0.00000   0.03278   0.04103   4.17701  -0.09337  -0.29442   0.00000   3.32580  
 37  0.3141   1035.577315  x:  0.04131   0.07508   0.02617   0.00818   0.00750   0.00000   0.02352   0.00735   0.03739   0.02339   0.00000   0.00000   0.00799   0.00000   0.00786   0.01573   0.00803   0.01613   0.00785   0.01627   0.00789   0.06975   0.00646   0.00793   0.01573   0.00000   0.00000   0.03446   0.13627   0.02669   0.00000   0.03271   0.04047   4.07659  -0.17726  -0.37555   0.00000   3.43752  
 38  0.1995   1035.559508  x:  0.04276   0.07444   0.02664   0.00770   0.00792   0.00000   0.02327   0.00750   0.03802   0.02416   0.00000   0.00000   0.00778   0.00000   0.00773   0.01628   0.00812   0.01608   0.00787   0.01616   0.00821   0.06945   0.00630   0.00766   0.01598   0.00000   0.00000   0.03462   0.13523   0.02703   0.00000   0.03313   0.04108   4.08844  -0.30446  -0.50113   0.00000   3.61683  
 39  0.1753   1035.548276  x:  0.04161   0.07530   0.02655   0.00764   0.00782   0.00000   0.02331   0.00773   0.03786   0.02354   0.00000   0.00000   0.00806   0.00000   0.00788   0.01604   0.00816   0.01612   0.00798   0.01613   0.00805   0.06939   0.00613   0.00789   0.01608   0.00000   0.00000   0.03433   0.13402   0.02707   0.00000   0.03289   0.04095   4.14406  -0.42806  -0.62615   0.00000   3.81417  
 40  0.2021   1035.544005  x:  0.04245   0.07451   0.02646   0.00783   0.00771   0.00000   0.02332   0.00757   0.03779   0.02351   0.00000   0.00000   0.00798   0.00000   0.00805   0.01586   0.00807   0.01615   0.00790   0.01621   0.00796   0.06951   0.00625   0.00794   0.01591   0.00000   0.00000   0.03440   0.13502   0.02708   0.00000   0.03288   0.04074   4.15564  -0.48454  -0.67600   0.00000   3.92645  
 41  0.1205   1035.542459  x:  0.04235   0.07520   0.02655   0.00801   0.00779   0.00000   0.02337   0.00747   0.03774   0.02357   0.00000   0.00000   0.00794   0.00000   0.00796   0.01603   0.00813   0.01619   0.00791   0.01621   0.00809   0.06964   0.00630   0.00799   0.01592   0.00000   0.00000   0.03445   0.13562   0.02708   0.00000   0.03297   0.04083   4.15449  -0.50125  -0.69542   0.00000   3.99228  
 42  0.0797   1035.541333  x:  0.04244   0.07528   0.02647   0.00811   0.00774   0.00000   0.02335   0.00758   0.03785   0.02373   0.00000   0.00000   0.00798   0.00000   0.00786   0.01603   0.00803   0.01610   0.00786   0.01617   0.00806   0.06960   0.00626   0.00810   0.01605   0.00000   0.00000   0.03454   0.13507   0.02702   0.00000   0.03298   0.04095   4.14560  -0.49203  -0.68198   0.00000   4.08332  
 43  0.0359   1035.538132  x:  0.04244   0.07542   0.02652   0.00827   0.00778   0.00000   0.02316   0.00758   0.03781   0.02357   0.00000   0.00000   0.00785   0.00000   0.00797   0.01583   0.00831   0.01616   0.00807   0.01605   0.00802   0.06955   0.00614   0.00801   0.01598   0.00000   0.00000   0.03452   0.13496   0.02706   0.00000   0.03297   0.04097   4.14044  -0.36831  -0.55609   0.00000   4.34716  
 44  0.0618   1035.534919  x:  0.04230   0.07547   0.02657   0.00820   0.00778   0.00000   0.02333   0.00756   0.03776   0.02359   0.00000   0.00000   0.00794   0.00000   0.00804   0.01609   0.00804   0.01618   0.00789   0.01616   0.00804   0.06960   0.00611   0.00795   0.01590   0.00000   0.00000   0.03452   0.13525   0.02712   0.00000   0.03293   0.04087   4.14471  -0.23033  -0.42491   0.00000   4.63072  
 45  0.1772   1035.534016  x:  0.04234   0.07556   0.02651   0.00805   0.00777   0.00000   0.02339   0.00752   0.03776   0.02362   0.00000   0.00000   0.00799   0.00000   0.00791   0.01602   0.00812   0.01612   0.00789   0.01623   0.00808   0.06964   0.00624   0.00797   0.01596   0.00000   0.00000   0.03447   0.13527   0.02705   0.00000   0.03295   0.04082   4.15643  -0.22030  -0.41176   0.00000   4.75917  
 46  0.0961   1035.533924  x:  0.04233   0.07561   0.02652   0.00802   0.00776   0.00000   0.02334   0.00753   0.03778   0.02357   0.00000   0.00000   0.00795   0.00000   0.00792   0.01600   0.00809   0.01616   0.00790   0.01619   0.00806   0.06965   0.00625   0.00799   0.01598   0.00000   0.00000   0.03448   0.13523   0.02707   0.00000   0.03297   0.04087   4.15601  -0.21586  -0.40854   0.00000   4.79938  
 47  0.0386   1035.533917  x:  0.04234   0.07563   0.02652   0.00802   0.00777   0.00000   0.02334   0.00753   0.03778   0.02359   0.00000   0.00000   0.00796   0.00000   0.00794   0.01601   0.00810   0.01616   0.00791   0.01618   0.00806   0.06964   0.00626   0.00800   0.01596   0.00000   0.00000   0.03447   0.13520   0.02706   0.00000   0.03296   0.04087   4.15529  -0.21331  -0.40594   0.00000   4.80899  
 48  0.0112   1035.533916  x:  0.04233   0.07562   0.02652   0.00802   0.00777   0.00000   0.02334   0.00753   0.03778   0.02359   0.00000   0.00000   0.00796   0.00000   0.00794   0.01601   0.00810   0.01615   0.00791   0.01619   0.00806   0.06964   0.00626   0.00800   0.01597   0.00000   0.00000   0.03447   0.13522   0.02706   0.00000   0.03296   0.04087   4.15497  -0.21333  -0.40595   0.00000   4.80989  
 49  0.0010   1035.533916  x:  0.04233   0.07562   0.02652   0.00802   0.00777   0.00000   0.02334   0.00753   0.03778   0.02359   0.00000   0.00000   0.00796   0.00000   0.00794   0.01601   0.00810   0.01615   0.00791   0.01619   0.00806   0.06964   0.00626   0.00800   0.01597   0.00000   0.00000   0.03447   0.13522   0.02706   0.00000   0.03296   0.04087   4.15494  -0.21337  -0.40599   0.00000   4.80985  
 50  0.0001   1035.533916  x:  0.04233   0.07562   0.02652   0.00802   0.00777   0.00000   0.02334   0.00753   0.03778   0.02359   0.00000   0.00000   0.00796   0.00000   0.00794   0.01601   0.00810   0.01615   0.00791   0.01619   0.00806   0.06964   0.00626   0.00800   0.01597   0.00000   0.00000   0.03447   0.13522   0.02706   0.00000   0.03296   0.04087   4.15494  -0.21338  -0.40599   0.00000   4.80983  
 51  0.0001   1035.533916  x:  0.04233   0.07562   0.02652   0.00802   0.00777   0.00000   0.02334   0.00753   0.03778   0.02359   0.00000   0.00000   0.00796   0.00000   0.00794   0.01601   0.00810   0.01615   0.00791   0.01619   0.00806   0.06964   0.00626   0.00800   0.01597   0.00000   0.00000   0.03447   0.13522   0.02706   0.00000   0.03296   0.04087   4.15494  -0.21338  -0.40599   0.00000   4.80983  
 52  0.0001   1035.533916  x:  0.04233   0.07562   0.02652   0.00802   0.00777   0.00000   0.02334   0.00753   0.03778   0.02359   0.00000   0.00000   0.00796   0.00000   0.00794   0.01601   0.00810   0.01615   0.00791   0.01619   0.00806   0.06964   0.00626   0.00800   0.01597   0.00000   0.00000   0.03447   0.13522   0.02706   0.00000   0.03296   0.04087   4.15493  -0.21338  -0.40599   0.00000   4.80983    0.01592   0.00000   0.00000   0.03296   0.12695   0.02668   0.00000   0.03216   0.04075   4.16367   0.48903   3.38396  
 56  0.0004   1041.699267  x:  0.04147   0.07832   0.02648   0.00819   0.00785   0.00000   0.02357   0.00750   0.03772   0.01926   0.00000   0.00000   0.00795   0.00000   0.00793   0.01595   0.00800   0.01601   0.00795   0.01602   0.00797   0.07112   0.00728   0.00797   0.01592   0.00000   0.00000   0.03296   0.12695   0.02668   0.00000   0.03216   0.04075   4.16341   0.48911   3.38382  
 57  0.0002   1041.699266  x:  0.04147   0.07833   0.02648   0.00819   0.00785   0.00000   0.02357   0.00750   0.03772   0.01926   0.00000   0.00000   0.00795   0.00000   0.00793   0.01594   0.00801   0.01600   0.00795   0.01602   0.00797   0.07112   0.00728   0.00796   0.01592   0.00000   0.00000   0.03296   0.12695   0.02668   0.00000   0.03217   0.04075   4.16348   0.48912   3.38338  
 58  0.0002   1041.699266  x:  0.04147   0.07832   0.02648   0.00819   0.00785   0.00000   0.02357   0.00750   0.03772   0.01926   0.00000   0.00000   0.00795   0.00000   0.00792   0.01595   0.00801   0.01600   0.00795   0.01602   0.00797   0.07112   0.00728   0.00796   0.01592   0.00000   0.00000   0.03296   0.12695   0.02668   0.00000   0.03217   0.04075   4.16353   0.48910   3.38351  
 59  0.0001   1041.699266  x:  0.04147   0.07832   0.02648   0.00819   0.00785   0.00000   0.02357   0.00750   0.03772   0.01926   0.00000   0.00000   0.00795   0.00000   0.00792   0.01595   0.00801   0.01600   0.00795   0.01602   0.00797   0.07112   0.00728   0.00796   0.01592   0.00000   0.00000   0.03296   0.12695   0.02668   0.00000   0.03217   0.04075   4.16351   0.48910   3.38349  
 60  0.0000   1041.699266  x:  0.04147   0.07832   0.02648   0.00819   0.00785   0.00000   0.02357   0.00750   0.03772   0.01926   0.00000   0.00000   0.00795   0.00000   0.00792   0.01595   0.00801   0.01600   0.00795   0.01602   0.00797   0.07112   0.00728   0.00796   0.01592   0.00000   0.00000   0.03296   0.12695   0.02668   0.00000   0.03217   0.04075   4.16349   0.48910   3.38346  
 61  0.0000   1041.699266  x:  0.04147   0.07832   0.02648   0.00819   0.00785   0.00000   0.02357   0.00750   0.03772   0.01926   0.00000   0.00000   0.00795   0.00000   0.00792   0.01595   0.00801   0.01600   0.00795   0.01602   0.00797   0.07112   0.00728   0.00796   0.01592   0.00000   0.00000   0.03296   0.12695   0.02668   0.00000   0.03217   0.04075   4.16349   0.48910   3.38347  
 62  0.0000   1041.699266  x:  0.04147   0.07832   0.02648   0.00819   0.00785   0.00000   0.02357   0.00750   0.03772   0.01926   0.00000   0.00000   0.00795   0.00000   0.00792   0.01595   0.00801   0.01600   0.00795   0.01602   0.00797   0.07112   0.00728   0.00796   0.01592   0.00000   0.00000   0.03296   0.12695   0.02668   0.00000   0.03217   0.04075   4.16349   0.48910   3.38347  
 63  0.0000   1041.699266  x:  0.04147   0.07832   0.02648   0.00819   0.00785   0.00000   0.02357   0.00750   0.03772   0.01926   0.00000   0.00000   0.00795   0.00000   0.00792   0.01595   0.00801   0.01600   0.00795   0.01602   0.00797   0.07112   0.00728   0.00796   0.01592   0.00000   0.00000   0.03296   0.12695   0.02668   0.00000   0.03217   0.04075   4.16349   0.48910   3.38347  