-11455.162682
-11768.496066
-11431.873721
-11475.017178
-11669.368272
-11344.214383
-11502.753779
-11472.841926
-11487.748532
-11250.227328
-11253.153100
-11267.243293
-11489.260334
-11513.793121
-11586.904855
-11379.764866
-11399.431548
-11624.799473
-11366.110034
-11521.926321
-11383.853743
-11395.756483
-11007.166212
-11326.729009
-11487.674225
-11456.811620
-11435.955683
-11761.492481
-11588.363737
-11408.452461
-11580.122376
-11425.832432
-11653.424809
-11456.270552
-11320.078574
-11284.794078
-11363.603895
-11434.757137
-11539.188133
-11393.304970
-11475.494842
-11665.926381
-11500.974971
-11541.635523
-11528.029263
-11535.204760
-11449.706519
-11457.954104
-11331.163247
-11408.819996
-11486.195091
-11333.060210
-11576.927546
-11568.460161
-11588.694144
-11503.679630
-11508.315049
-11599.965051
-11450.955911
-11451.031595
-11674.766817
-11201.178524
-11308.024418
-11437.870416
-11388.165686
-11397.252637
-11332.890669
-11547.224203
-11340.028784
-11550.214620
-11386.135305
-11630.948293
-11455.845522
-11604.192907
-11593.779090
-11624.957014
-11335.622091
-11435.028740
-11378.768233
-11448.035017
-11502.658818
-11524.512833
-11398.227403
-11413.161024
-11365.113706
-11364.390303
-11400.631887
-11210.525002
-11590.588154
-11518.914567
-11291.985282
-11516.449260
-11434.853746
-11427.956273
-11705.495025
-11394.589051
-11627.469414
-11326.274563
-11619.094341
-11577.295218
-11462.653193
-11253.238630
-11338.215546
-11692.144008
-11515.492736
-11630.962930
-11343.317013
-11741.676028
-11425.480489
-11392.494397
-11534.322431
-11390.035133
-11411.738222
-11384.522934
-11425.613862
-11430.804979
-11416.461816
-11497.221815
-11553.261821
-11549.599191
-11435.411451
-11695.794659
-11255.854616
-11789.606507
-11510.983054
-11266.191476
-11598.280528
-11381.676268
-11397.901555
-11324.493416
-11508.626685
-11490.253543
-11480.933607
-11655.370263
-11562.175159
-11584.572238
-11366.790546
-11306.864472
-11559.685136
-11630.344546
-11730.008468
-11391.467980
-11580.317837
-11544.145789
-11431.415400
-11619.249053
-11501.444294
-11312.942018
-11457.697872
-11499.947454
-11404.453139
-11461.677904
-11471.612641
-11432.131757
-11277.617877
-11573.363759
-11529.635026
-11555.862899
-11465.834437
-11429.038282
-11473.824644
-11324.035432
-11420.210893
-11462.956409
-11380.727490
-11432.992915
-11354.842956
-11430.050054
-11553.989896
-11386.630667
-11514.000246
-11319.504041
-11516.296695
-11606.437274
-11457.891320
-11582.091257
-11446.155819
-11507.882908
-11503.220950
-11392.413709
-11501.008133
-11666.179467
-11517.843103
-11397.194427
-11496.520113
-11549.351919
-11516.241087
-11646.791614
-11543.298553
-11591.925232
-11331.577568
-11504.866767
-11198.954197
-11570.326843
-11480.337274
-11500.319537
-11406.558091
-11321.193304
-11592.750344
-11481.059041
-11278.044138
-11550.725699
-11511.430180
-11346.454420
-11597.144457
-11620.860431
-11634.809443
-11551.804151
-11680.532248
-11386.089955
-11597.079761
-11499.368703
-11432.719048
-11603.173502
-11582.842509
-11367.936258
-11393.231382
-11604.965982
-11516.626118
-11460.608628
-11470.686486
-11412.425982
-11488.155112
-11582.148144
-11519.387648
-11395.497494
-11594.303904
-11435.958685
-11471.631519
-11455.004447
-11394.802511
-11582.579588
-11459.967378
-11697.701606
-11439.936716
-11553.495527
-11719.422374
-11423.971620
-11483.727939
-11721.270557
-11437.833211
-11409.296954
-11566.511146
-11573.592514
-11525.575933
-11338.201658
-11744.409117
-11544.872211
-11571.338447
-11477.274127
-11178.835713
-11486.344683
-11604.419438
-11273.473808
-11669.084200
-11443.389714
-11387.263908
-11590.792361
-11522.952117
-11426.905542
-11572.164641
-11454.750602
-11540.277667
-11399.020027
-11348.643905
-11561.461843
-11490.920251
-11534.515370
-11308.688655
-11594.901300
-11681.695238
-11353.370969
-11470.244650
-11402.108601
-11387.672054
-11562.166992
-11417.124475
-11295.845994
-11707.733854
-11570.030745
-11584.606205
-11509.711905
-11286.813533
-11446.577825
-11571.233228
-11483.666639
-11258.537322
-11336.689047
-11489.149760
-11485.793552
-11373.050656
-11488.179127
-11548.924780
-11644.125754
-11447.886507
-11652.207683
-11483.450508
-11390.862061
-11569.773667
-11406.059936
-11349.566487
-11663.940263
-11599.857735
-11514.288167
-11482.482997
-11383.296297
-11467.425194
-11670.884304
-11464.893093
-11386.993938
-11338.000467
-11466.169548
-11448.200608
-11550.813460
-11502.296645
-11631.042476
-11479.046197
-11535.695047
-11509.862747
-11413.649103
-11504.613517
-11472.681060
-11691.160555
-11380.191325
-11551.851862
-11661.886596
-11532.042739
-11333.719715
-11564.687647
-11656.476511
-11400.450422
-11438.352765
-11524.916287
-11518.268802
-11491.117153
-11337.928814
-11445.517550
-11591.231502
-11504.389022
-11512.837664
-11460.548002
-11735.570004
-11669.784189
-11397.379100
-11447.020117
-11342.610463
-11475.566548
-11524.583973
-11388.127874
-11606.761224
-11326.787788
-11681.654215
-11334.158253
-11531.287314
-11421.975054
-11530.830717
-11506.521120
-11383.570560
-11393.975803
-11443.850415
-11501.323307
-11478.895823
-11405.544604
-11510.821954
-11578.189843
-11766.783292
-11342.899220
-11466.088839
-11655.142463
-11432.520351
-11346.600716
-11486.904397
-11373.887784
-11444.415483
-11413.771493
-11373.362745
-11520.926904
-11483.510956
-11490.484307
-11335.103612
-11400.694638
-11544.917325
-11455.012715
-11369.096726
-11371.525291
-11335.601101
-11441.614219
-11512.386387
-11439.884016
-11480.043300
-11495.408698
-11390.163787
-11374.173820
-11401.594351
-11454.619770
-11441.225285
-11717.542976
-11376.720669
-11608.843582
-11390.962839
-11606.107176
-11399.203104
-11492.260089
-11619.483830
-11402.366893
-11349.083716
-11519.027584
-11464.756893
-11482.889564
-11422.666412
-11426.641172
-11593.508946
-11345.981129
-11533.348486
-11535.786792
-11317.800970
-11269.655194
-11383.644866
-11551.050734
-11457.446453
-11292.063721
-11354.288500
-11424.712655
-11171.679650
-11518.476785
-11495.776363
-11280.254477
-11376.250408
-11319.905193
-11336.704064
-11698.497812
-11486.089411
-11539.293389
-11529.605158
-11472.177093
-11505.022240
-11368.329041
-11360.897179
-11552.041034
-11444.650422
-11396.359362
-11404.326550
-11319.701585
-11402.014304
-11187.658238
-11339.481686
-11377.358642
-11431.566580
-11470.425700
-11375.007007
-11276.700767
-11434.100144
-11400.658921
-11487.425347
-11465.521675
-11573.289267
-11446.544806
-11491.276644
-11562.023600
-11328.336788
-11408.500104
-11200.836044
-11527.482477
-11458.218203
-11526.819429
-11547.203885
-11366.193527
-11673.113551
-11612.486516
-11373.719794
-11470.811040
-11372.353869
-11428.873937
-11347.921859
-11483.361824
-11398.853503
-11513.300627
-11457.842473
-11346.243621
-11428.931417
-11488.564165
-11565.116940
-11419.240633
-11614.767724
-11409.889905
-11514.057510
-11587.764876
-11442.428643
-11465.639911
-11472.381666
-11535.345853
-11365.383733
-11483.434987
-11426.838878
-11411.547234
-11533.925642
-11596.573044
-11483.693376
-11542.530685
-11415.127752
-11438.642906
-11495.312238
-11287.573801
-11412.963234
-11518.139173
-11369.077770
-11255.121134
-11528.344126
-11325.552391
-11793.588215
-11585.659025
-11572.594978
-11674.653670
-11625.020289
-11491.989382
-11430.844691
-11437.273534
-11723.391318
-11444.324021
-11452.703251
-11530.877835
-11522.718605
-11343.217577
-11498.011076
-11526.661354
-11457.432540
-11465.854288
-11524.490093
-11135.215995
-11478.104259
-11459.149298
-11409.470694
-11623.235062
-11455.619579
-11432.715070
-11448.768014
-11577.239586
-11564.830997
-11551.691861
-11460.074859
-11497.117322
-11372.734050
-11553.566201
-11526.431435
-11674.239004
-11565.180150
-11504.339469
-11380.076642
-11527.063127
-11263.511954
-11590.286176
-11541.800955
-11642.370710
-11401.227910
-11709.522497
-11447.324724
-11428.705071
-11507.863303
-11582.867114
-11476.180322
-11283.919882
-11351.809946
-11400.556884
-11441.556929
-11569.483656
-11377.336494
-11475.825734
-11205.808006
-11430.440488
-11440.665359
-11455.921549
-11382.882116
-11571.155497
-11569.616667
-11340.506230
-11343.866372
-11472.150106
-11581.846091
-11570.394288
-11565.013391
-11396.412457
-11480.112138
-11549.317849
-11354.295176
-11695.757519
-11513.308207
-11575.897728
-11340.929533
-11441.881828
-11577.158115
-11566.226373
-11414.184254
-11390.616301
-11516.296403
-11350.968081
-11637.021178
-11367.230653
-11339.177693
-11385.251792
-11376.146265
-11403.482610
-11275.295574
-11410.242727
-11314.868216
-11472.023803
-11530.034383
-11600.819135
-11441.788355
-11630.542164
-11346.911483
-11560.592083
-11527.620270
-11466.311750
-11438.105267
-11679.263934
-11549.878747
-11403.258250
-11288.023965
-11506.807175
-11267.413261
-11590.632141
-11743.730644
-11207.975444
-11288.662091
-11408.954836
-11343.796095
-11711.058540
-11585.990254
-11445.948776
-11462.472246
-11524.669714
-11414.052703
-11357.558096
-11326.475731
-11436.737934
-11528.873187
-11460.455064
-11310.790774
-11596.125943
-11551.910143
-11425.952611
-11387.322533
-11377.000994
-11454.129031
-11593.526284
-11526.095743
-11510.540786
-11524.418509
-11458.689861
-11502.809021
-11382.929407
-11595.663172
-11534.437847
-11377.861880
-11604.026177
-11484.085405
-11467.656246
-11579.343414
-11548.973090
-11496.050815
-11514.271657
-11723.415908
-11521.839962
-11531.637544
-11401.940313
-11293.049235
-11385.173181
-11425.018104
-11342.998428
-11468.841139
-11385.208463
-11424.542553
-11607.562721
-11456.144267
-11302.682589
-11483.256066
-11465.942019
-11565.583760
-11610.541925
-11322.675549
-11546.824875
-11505.858622
-11395.580500
-11358.896393
-11702.789753
-11587.172519
-11242.138653
-11620.235406
-11413.814585
-11449.068965
-11551.456415
-11414.927374
-11303.278385
-11526.962225
-11501.418594
-11726.873534
-11667.406071
-11483.205570
-11466.671825
-11391.195993
-11434.184860
-11361.239707
-11593.209746
-11649.950764
-11316.304388
-11424.657738
-11543.980269
-11360.997729
-11461.117973
-11486.954664
-11375.707208
-11418.065902
-11371.849415
-11433.351005
-11400.484752
-11566.434220
-11305.309538
-11521.271677
-11472.857594
-11435.386262
-11300.263998
-11528.252527
-11551.256852
-11363.008844
-11626.170444
-11531.475580
-11363.913567
-11256.533238
-11729.172488
-11427.619089
-11487.653749
-11355.396245
-11407.124183
-11466.559956
-11276.107188
-11530.300295
-11384.470832
-11380.332915
-11462.839938
-11335.631559
-11267.122714
-11225.769706
-11370.085122
-11342.577531
-11628.021871
-11414.148286
-11414.859301
-11705.154182
-11404.412624
-11513.389033
-11457.121671
-11411.499831
-11306.898136
-11561.724152
-11482.458232
-11619.185137
-11820.618223
-11528.331985
-11440.247409
-11484.782607
-11510.029509
-11501.097501
-11634.317015
-11484.114810
-11530.960184
-11290.990574
-11467.341283
-11417.047556
-11567.817297
-11474.679564
-11524.628663
-11393.527783
-11400.741092
-11599.378837
-11447.372958
-11600.787046
-11487.460827
-11471.580016
-11524.462503
-11573.029619
-11565.777616
-11474.140192
-11548.577081
-11548.982335
-11304.336958
-11397.402366
-11352.846098
-11680.709227
-11483.032650
-11390.611394
-11511.979486
-11564.852739
-11453.319183
-11552.864100
-11496.522504
-11577.889538
-11459.351552
-11311.878662
-11495.298695
-11252.497862
-11479.914396
-11472.810017
-11401.719918
-11400.935459
-11431.226393
-11328.994210
-11627.746947
-11482.119672
-11624.185470
-11475.660294
-11421.827781
-11381.718414
-11348.997454
-11340.497481
-11474.113356
-11323.663685
-11408.471510
-11440.162767
-11247.982616
-11343.713219
-11344.949310
-11387.047853
-11452.253070
-11521.739083
-11601.072362
-11308.755030
-11572.048771
-11424.762509
-11310.087259
-11307.041828
-11296.961529
-11415.214293
-11344.086145
-11539.129569
-11492.497949
-11244.055455
-11190.381569
-11509.743101
-11714.195771
-11494.736678
-11539.413896
-11491.419670
-11632.961853
-11404.187781
-11432.672228
-11447.528737
-11509.258452
-11437.268921
-11377.802580
-11368.207077
-11399.892510
-11459.468141
-11383.687005
-11557.748168
-11499.996563
-11571.366417
-11601.060366
-11523.242702
-11483.012198
-11378.213270
-11431.559049
-11481.974357
-11504.746787
-11450.246482
-11635.801372
-11357.899689
-11553.772623
-11831.954857
-11234.236084
-11577.261564
-11260.582143
-11512.720931
-11511.491805
-11425.838732
-11499.192998
-11492.546651
-11561.498401
-11408.060302
-11353.085701
-11597.085281
-11489.405475
-11633.590531
-11438.534513
-11485.476301
-11581.712320
-11664.670545
-11328.251074
-11362.213740
-11620.509810
-11324.293718
-11253.362093
-11415.392814
-11439.083221
-11458.475403
-11547.368081
-11238.637143
-11428.552928
-11409.248419
-11603.414306
-11389.458545
-11387.533803
-11548.743312
-11458.116255
-11458.845461
-11486.927781
-11404.253571
-11522.121701
-11560.068300
-11524.135434
-11695.644210
-11420.387273
-11370.444467
-11478.205438
-11448.025656
-11461.942499
-11483.505869
-11404.116706
-11408.534678
-11493.825590
-11539.070834
-11447.188966
-11674.788936
-11433.987877
-11406.444915
-11509.489630
-11531.234887
-11371.306802
-11571.081015
-11666.214675
-11531.631061
-11551.588417
-11414.009954
-11317.767730
-11371.470055
-11508.191195
-11672.627059
-11316.534291
-11443.625430
-11424.685067
-11673.127910
-11484.262691
-11265.386612
-11387.516173
-11446.017071
-11523.044858
-11352.178478
-11735.025243
-11481.279510
-11622.654847
-11336.442695
-11527.715716
-11708.193385
-11394.833813
-11443.849577
-11586.353680
-11538.302898
-11564.450997
-11438.214694
-11642.286465
-11267.925586
-11345.611589
-11473.526698
-11407.034872
-11452.545940
-11584.456415
-11684.604949
-11312.639754
-11453.446746
-11406.735292
-11477.683022
-11571.324875
-11523.947646
-11320.124340
-11636.367385
-11361.959282
-11200.538044
-11389.451076
-11407.570103
-11366.680728
-11435.064976
-11555.282456
-11345.805975
-11707.314368
-11436.388905
-11371.617303
-11444.549756
-11480.627369
-11691.583168
-11406.600010
-11539.334402
-11564.395980
-11297.696563
-11419.805606
-11456.324965
-11315.352506
-11443.749332
-11442.260669
-11583.540947
-11371.184084
-11312.672870
