tl:2
0.47986
0.45789
0.43675
0.39932
0.48372
0.53916
0.43036
0.55262
0.54745
0.41689
0.54884
0.46477
0.46735
0.50585
0.50516
0.60863
0.49888
0.54295
0.54144
0.49025
0.53456
0.56593
0.56468
0.50313
0.55766
0.52253
0.50964
0.46041
0.54152
0.57575
0.52795
0.55781
0.48165
0.57520
0.60579
0.46183
0.61247
0.44807
0.50669
0.42510
0.57345
0.59202
0.54001
0.51493
0.52179
0.50966
0.48220
0.54151
0.57617
0.53933
0.39998
0.44704
0.48120
0.55883
0.60380
0.47813
0.50372
0.55054
0.52133
0.43425
0.43871
0.46715
0.55349
0.54549
0.50240
0.53254
0.62614
0.46726
0.51557
0.42992
0.46252
0.54933
0.41617
0.55700
0.47695
0.45510
0.49801
0.47914
0.54509
0.47792
0.46699
0.50474
0.44060
0.47401
0.48647
0.44434
0.49348
0.50318
0.48490
0.44407
0.47509
0.64382
0.45743
0.45760
0.61978
0.57320
0.51377
0.50385
0.57079
0.45802
