tl:0.1	tl:0.3	tl:0.5	tl:1	tl:1.5	tl:2	tl:3
0.81522	0.42484	0.53217	0.56474	0.53299	0.47986	0.45538
0.55488	0.54704	0.44100	0.45835	0.42363	0.45789	0.65162
0.62104	0.48868	0.48248	0.55332	0.50125	0.43675	0.45170
0.30969	0.60049	0.42545	0.62734	0.50794	0.39932	0.40734
0.67067	0.35178	0.34921	0.43915	0.51820	0.48372	0.55008
0.81494	0.41957	0.43348	0.37449	0.45647	0.53916	0.48973
0.39142	0.55294	0.55191	0.47757	0.43513	0.43036	0.47463
0.44856	0.51001	0.53673	0.52389	0.52246	0.55262	0.46169
0.36312	0.57938	0.55234	0.41017	0.50824	0.54745	0.66032
0.76923	0.68827	0.58483	0.61403	0.47858	0.41689	0.49866
0.46596	0.72031	0.37029	0.48618	0.44659	0.54884	0.50558
0.70812	0.46188	0.67610	0.48446	0.60244	0.46477	0.64628
0.59731	0.56410	0.52664	0.46175	0.48508	0.46735	0.47918
0.51723	0.40776	0.46526	0.48260	0.56323	0.50585	0.41518
0.35920	0.31485	0.61822	0.53330	0.49637	0.50516	0.38659
0.45024	0.58531	0.52187	0.38864	0.43664	0.60863	0.44666
0.30509	0.47869	0.49020	0.47187	0.48462	0.49888	0.45886
0.50792	0.55094	0.59849	0.46507	0.55163	0.54295	0.45860
0.58978	0.65111	0.40029	0.53499	0.46400	0.54144	0.38972
0.33604	0.45738	0.48333	0.52868	0.38385	0.49025	0.60973
0.33774	0.66888	0.43456	0.45832	0.48636	0.53456	0.37412
0.55071	0.42722	0.51897	0.45067	0.49586	0.56593	0.40762
0.37278	0.54393	0.59896	0.42847	0.51377	0.56468	0.49300
0.53195	0.41924	0.42459	0.49991	0.51362	0.50313	0.46524
0.54472	0.44953	0.73373	0.49700	0.46870	0.55766	0.53026
0.89678	0.43131	0.40374	0.49831	0.58871	0.52253	0.56252
0.54638	0.46235	0.54123	0.55010	0.53236	0.50964	0.68258
0.53554	0.53306	0.41370	0.59736	0.44988	0.46041	0.52011
0.65517	0.45820	0.49751	0.59472	0.40875	0.54152	0.45340
0.76733	0.47993	0.49018	0.48180	0.50285	0.57575	0.53172
0.92353	0.38718	0.39306	0.68352	0.46418	0.52795	0.52184
0.61783	0.65008	0.45922	0.40789	0.53116	0.55781	0.53954
1.13127	0.64618	0.41747	0.48319	0.55704	0.48165	0.59168
0.35396	0.44139	0.44684	0.44558	0.53219	0.57520	0.56290
0.34027	0.50809	0.67030	0.44879	0.47729	0.60579	0.44391
0.57271	0.42127	0.53479	0.51081	0.52745	0.46183	0.41752
0.36148	0.47324	0.45012	0.48526	0.59265	0.61247	0.54556
0.32440	0.41336	0.50031	0.54477	0.54090	0.44807	0.43691
0.66734	0.37123	0.52049	0.62301	0.49480	0.50669	0.46758
0.75540	0.41178	0.59327	0.52670	0.49655	0.42510	0.55182
0.33547	0.54691	0.52309	0.49586	0.49290	0.57345	0.49207
0.26046	0.47542	0.55026	0.49997	0.47270	0.59202	0.57756
0.40589	0.42089	0.65795	0.51678	0.43514	0.54001	0.50308
0.42404	0.58372	0.41472	0.51396	0.57324	0.51493	0.61551
0.31429	0.51267	0.44406	0.58613	0.52201	0.52179	0.52465
0.56370	0.51991	0.53047	0.56422	0.49147	0.50966	0.58080
0.39475	0.44135	0.43502	0.44477	0.47961	0.48220	0.53025
0.82999	0.44038	0.58165	0.52518	0.49670	0.54151	0.40690
0.85367	0.45644	0.45320	0.46514	0.54251	0.57617	0.52221
0.48997	0.53844	0.39521	0.58543	0.43657	0.53933	0.38375
0.54211	0.41542	0.49764	0.51682	0.48320	0.39998	0.51406
1.01087	0.43828	0.49575	0.60154	0.39498	0.44704	0.42143
0.55378	0.37665	0.56973	0.52141	0.49563	0.48120	0.53399
0.47962	0.65249	0.41063	0.47220	0.52577	0.55883	0.55778
0.72187	0.61624	0.52260	0.46742	0.50220	0.60380	0.46020
0.70232	0.47779	0.50036	0.65847	0.61416	0.47813	0.59095
0.90445	0.57856	0.64831	0.69473	0.51332	0.50372	0.38088
0.61296	0.55581	0.49654	0.45545	0.44006	0.55054	0.50627
0.51904	0.45766	0.56266	0.47373	0.51089	0.52133	0.52939
0.34334	0.45609	0.58412	0.40580	0.55010	0.43425	0.55551
0.46925	0.59140	0.51404	0.54825	0.54966	0.43871	0.43853
0.77847	0.41848	0.46427	0.41338	0.58425	0.46715	0.59557
0.58738	0.47994	0.53048	0.60558	0.58477	0.55349	0.53294
0.36649	0.47109	0.52022	0.49205	0.54721	0.54549	0.46149
0.46863	0.32699	0.44494	0.48879	0.47664	0.50240	0.49797
0.66037	0.61149	0.67811	0.47879	0.54033	0.53254	0.42590
0.32078	0.61291	0.74111	0.42605	0.46057	0.62614	0.40456
0.58738	0.58325	0.53661	0.50851	0.52287	0.46726	0.44718
0.72177	0.52123	0.52539	0.54593	0.53447	0.51557	0.48148
0.81345	0.51170	0.57299	0.57309	0.56804	0.42992	0.46665
0.46337	0.45129	0.51540	0.55143	0.53779	0.46252	0.43707
0.44870	0.56775	0.58091	0.47845	0.54733	0.54933	0.45384
0.53301	0.53430	0.46508	0.51595	0.49226	0.41617	0.47354
0.76472	0.53012	0.44788	0.48933	0.48765	0.55700	0.61146
0.96439	0.41859	0.46348	0.49547	0.49917	0.47695	0.51911
0.74093	0.51983	0.56820	0.52616	0.45563	0.45510	0.53492
0.69162	0.38716	0.50550	0.53109	0.56659	0.49801	0.44900
0.65485	0.57834	0.46199	0.56137	0.56734	0.47914	0.35704
0.51320	0.49101	0.61762	0.55474	0.51093	0.54509	0.49893
0.74889	0.50215	0.50094	0.44895	0.53202	0.47792	0.51695
0.37965	0.60036	0.51217	0.46836	0.47440	0.46699	0.55740
0.32211	0.56073	0.49129	0.53848	0.52395	0.50474	0.51923
0.39162	0.63055	0.47829	0.50284	0.46424	0.44060	0.49145
0.62106	0.56856	0.49630	0.44336	0.51500	0.47401	0.45860
0.45473	0.47043	0.60898	0.38341	0.46908	0.48647	0.73554
0.91339	0.57345	0.37552	0.55678	0.48612	0.44434	0.51418
0.70767	0.48673	0.30385	0.54359	0.44909	0.49348	0.68679
0.96663	0.49168	0.43549	0.66497	0.45690	0.50318	0.48485
0.71506	0.41786	0.55225	0.45225	0.43311	0.48490	0.43633
0.39561	0.65080	0.54434	0.57074	0.46967	0.44407	0.54634
0.42087	0.39888	0.53415	0.43911	0.47554	0.47509	0.46168
0.49364	0.39963	0.68331	0.47136	0.52424	0.64382	0.47962
0.34246	0.39553	0.48514	0.59441	0.46189	0.45743	0.43687
0.64852	0.52440	0.69930	0.42879	0.51922	0.45760	0.43168
0.60043	0.51640	0.54365	0.55529	0.43825	0.61978	0.50685
0.47354	0.43332	0.60970	0.52983	0.47732	0.57320	0.51496
0.57708	0.46986	0.55957	0.57567	0.45348	0.51377	0.42463
0.34795	0.50766	0.58122	0.36215	0.52010	0.50385	0.53874
0.67382	0.41992	0.51887	0.49291	0.48243	0.57079	0.46753
0.47368	0.50750	0.55326	0.52618	0.51231	0.45802	0.46521
