tl:0.5
0.53217
0.44100
0.48248
0.42545
0.34921
0.43348
0.55191
0.53673
0.55234
0.58483
0.37029
0.67610
0.52664
0.46526
0.61822
0.52187
0.49020
0.59849
0.40029
0.48333
0.43456
0.51897
0.59896
0.42459
0.73373
0.40374
0.54123
0.41370
0.49751
0.49018
0.39306
0.45922
0.41747
0.44684
0.67030
0.53479
0.45012
0.50031
0.52049
0.59327
0.52309
0.55026
0.65795
0.41472
0.44406
0.53047
0.43502
0.58165
0.45320
0.39521
0.49764
0.49575
0.56973
0.41063
0.52260
0.50036
0.64831
0.49654
0.56266
0.58412
0.51404
0.46427
0.53048
0.52022
0.44494
0.67811
0.74111
0.53661
0.52539
0.57299
0.51540
0.58091
0.46508
0.44788
0.46348
0.56820
0.50550
0.46199
0.61762
0.50094
0.51217
0.49129
0.47829
0.49630
0.60898
0.37552
0.30385
0.43549
0.55225
0.54434
0.53415
0.68331
0.48514
0.69930
0.54365
0.60970
0.55957
0.58122
0.51887
0.55326
