tl:0.3
0.42484
0.54704
0.48868
0.60049
0.35178
0.41957
0.55294
0.51001
0.57938
0.68827
0.72031
0.46188
0.56410
0.40776
0.31485
0.58531
0.47869
0.55094
0.65111
0.45738
0.66888
0.42722
0.54393
0.41924
0.44953
0.43131
0.46235
0.53306
0.45820
0.47993
0.38718
0.65008
0.64618
0.44139
0.50809
0.42127
0.47324
0.41336
0.37123
0.41178
0.54691
0.47542
0.42089
0.58372
0.51267
0.51991
0.44135
0.44038
0.45644
0.53844
0.41542
0.43828
0.37665
0.65249
0.61624
0.47779
0.57856
0.55581
0.45766
0.45609
0.59140
0.41848
0.47994
0.47109
0.32699
0.61149
0.61291
0.58325
0.52123
0.51170
0.45129
0.56775
0.53430
0.53012
0.41859
0.51983
0.38716
0.57834
0.49101
0.50215
0.60036
0.56073
0.63055
0.56856
0.47043
0.57345
0.48673
0.49168
0.41786
0.65080
0.39888
0.39963
0.39553
0.52440
0.51640
0.43332
0.46986
0.50766
0.41992
0.50750
