tl:3
0.45538
0.65162
0.45170
0.40734
0.55008
0.48973
0.47463
0.46169
0.66032
0.49866
0.50558
0.64628
0.47918
0.41518
0.38659
0.44666
0.45886
0.45860
0.38972
0.60973
0.37412
0.40762
0.49300
0.46524
0.53026
0.56252
0.68258
0.52011
0.45340
0.53172
0.52184
0.53954
0.59168
0.56290
0.44391
0.41752
0.54556
0.43691
0.46758
0.55182
0.49207
0.57756
0.50308
0.61551
0.52465
0.58080
0.53025
0.40690
0.52221
0.38375
0.51406
0.42143
0.53399
0.55778
0.46020
0.59095
0.38088
0.50627
0.52939
0.55551
0.43853
0.59557
0.53294
0.46149
0.49797
0.42590
0.40456
0.44718
0.48148
0.46665
0.43707
0.45384
0.47354
0.61146
0.51911
0.53492
0.44900
0.35704
0.49893
0.51695
0.55740
0.51923
0.49145
0.45860
0.73554
0.51418
0.68679
0.48485
0.43633
0.54634
0.46168
0.47962
0.43687
0.43168
0.50685
0.51496
0.42463
0.53874
0.46753
0.46521
