.733466
1.283860
3.777268
.032036
1.149036
.218962
1.537206
.657490
1.324474
.226174
4.674994
5.273536
.090794
.884980
.046704
.036126
1.006744
4.056802
.119298
.584122
.393364
.596814
.629134
.000198
.104520
5.605246
.014322
.392426
1.207860
1.490852
2.092460
.092666
1.969886
2.610790
.008164
1.664342
1.174126
.521848
.066650
.958974
5.763476
.572650
.368180
.513104
.368796
1.668488
1.715734
.112756
1.007064
.053846
.257208
5.728576
1.818592
.044062
.220110
.000134
.010510
1.306148
4.754244
2.224298
.020074
.672644
.029858
.323826
.622730
.004634
.041960
2.016096
.532044
.661266
6.545126
2.348074
.720100
1.932836
.613406
.028496
.004948
1.808370
.284504
.437548
.009436
.038282
5.457810
2.630472
.635690
.113840
2.442726
.223244
.439384
.137430
2.318834
.837746
1.305568
.225458
.738404
.057064
3.256602
2.655932
.139170
.503590
.530154
.185814
.094398
.329790
.156642
2.012598
2.967630
.015894
.170310
.538624
.111712
3.057908
.252966
.197492
.364284
.316902
.327992
1.894376
2.116396
.023664
1.759670
.000644
1.094054
.925792
.311984
.361646
.006196
.890064
.936252
3.323858
1.141914
.448694
.896136
.284280
1.511892
.584874
1.085900
.194746
.770918
.958988
1.056164
.000228
.024118
.303082
.011314
1.392968
.201392
.189846
8.936722
.052056
.150024
.587836
.060032
2.000328
.565092
.127848
1.111068
.532376
.807858
.284516
.000110
1.990086
.078530
.193254
.724102
.132582
.127728
.489412
.190952
.164328
.101720
1.049342
.210512
.090694
.064486
.317542
.346162
4.174326
1.312224
.051126
.699832
.887956
.013316
.093766
.705144
.643154
.181682
4.643706
.196958
.194090
2.296550
.585782
.103404
2.923618
.055040
.876266
4.492090
.047042
1.900730
.369268
3.326940
.097444
4.563778
.345964
.035310
.312722
.408470
1.546692
.316612
.591190
.201762
1.687048
2.020344
.026076
3.261808
.218268
6.623888
.377146
.758602
.154066
2.912914
.304242
.134952
3.369466
.016442
.003970
.218736
1.583278
3.428742
4.268122
.123638
.342894
1.098120
.100970
.476896
.874014
1.682942
.129330
1.772308
.716886
1.652236
.295988
1.765090
1.055460
.027984
.149348
.011122
.102648
.077782
.218216
.415790
3.342372
1.350560
3.560058
1.802236
2.306526
.002590
.015858
1.734264
7.198010
3.288704
1.381842
.091176
.006808
.000382
5.805476
.203028
2.581130
1.090372
.044702
.070808
.245174
.178076
8.289138
3.945102
3.115198
1.084350
1.020414
.129426
.097280
2.913328
.001296
.907818
.127746
.046416
1.229112
.101358
.274780
.107008
.371564
.208130
.013356
.226724
1.253484
1.463522
.184304
.684910
.396774
.316910
3.752682
.342666
.029966
.029974
1.230410
.515994
.102680
.504950
.830954
.232714
1.295824
5.292082
.571158
2.931138
.001244
.019908
2.336024
3.997922
.079330
.150484
6.140258
.000466
.041406
.199706
.185008
.548754
.907182
.033628
1.990052
3.398620
10.009016
.469744
.012506
.160418
.667372
4.324654
.032188
.800798
6.790706
.080702
.012266
3.195380
.571826
1.360258
1.223820
.100612
.038474
.070928
.808836
.268690
.282298
.698608
.250824
.121278
.201110
.067442
.021474
4.201754
6.744622
.423038
.057870
3.234464
1.342320
.088912
3.191406
.753992
3.149622
.035456
.451660
3.308474
3.245452
1.232518
.438516
.136982
.403530
.409100
.298388
2.196194
.130200
2.599186
.000002
.250914
3.860288
.111476
.189560
.017170
.550330
2.316308
.053892
.431818
.293416
1.019102
.342294
4.806968
.051446
.631370
1.686022
.124078
.033638
.625904
.221586
.165904
1.531450
7.909294
.012636
.381548
.095544
.001106
1.474276
.000188
1.600566
.494782
.532352
.945338
.121828
1.002438
.643448
.894328
.003230
.512800
.014128
.098086
.903422
.040998
.203738
.486156
2.143464
.009968
.074246
2.215592
4.726816
.424868
3.771962
.027194
.557728
.084812
.047838
.344650
3.870612
.418122
.148074
.119078
.030710
.002444
1.222250
2.015034
.020698
.302990
1.885488
.262372
.015762
1.134968
.389540
.982288
.012454
.750942
.058660
.016074
.065682
.187096
2.245240
.182944
.144418
1.287672
2.189028
.329332
.030388
.527550
.101460
.253628
.386792
2.632092
.000032
.000624
.149754
.294520
2.360672
.000822
.014906
.231316
1.403296
2.683958
.597498
.721504
2.068194
.256964
.050046
.159770
1.145838
.030770
.112142
1.326596
1.373130
.698908
1.201488
.071930
6.638864
.077896
.728666
1.260380
5.286102
2.981992
.003806
4.491300
1.465416
.196090
.429714
.257952
1.191768
.076872
2.459974
1.357360
4.405662
.183752
1.905344
.569422
1.023244
2.945148
.543636
1.358508
.058978
.366798
2.288870
5.186886
.083190
.800494
2.232014
3.989176
1.066752
.536748
1.198954
.773266
.060004
1.763942
.264036
2.109036
.829658
.160368
.670374
.154988
1.311358
3.016808
.533006
.137094
.342888
.863946
.006216
3.236778
2.102462
.441216
.000362
2.264112
.467062
1.254626
.074100
1.187980
1.751282
.213586
.134014
2.552598
.016758
1.139138
2.223664
9.650164
.447992
.028820
.386224
1.948206
.122982
3.364100
.015778
.035190
.293124
.452894
.626646
.009120
1.831904
.018828
.082854
.013404
.014038
3.251072
3.053776
.295082
.276242
.523818
2.332796
2.528082
1.034126
.434740
.015950
.520546
.127908
.005952
.055782
.060032
.130024
1.681566
.203520
.620736
1.148112
.562710
.018132
.821412
.040266
.322862
1.020984
.000030
1.094382
1.203442
.062018
.406780
.294926
.013390
2.344928
2.062372
.057686
.390236
.430692
.004652
3.349342
.261882
1.577904
.002188
1.338350
.360578
.168306
.000226
.033510
9.185490
.707442
1.729790
1.477316
.448792
.529292
.175492
1.509010
.057856
.038586
.554380
.870538
.042806
.525738
.443326
.852686
3.273024
.060618
.056430
.591800
.072808
.000446
.121428
1.863904
.000894
.050746
.000186
.134094
.036668
4.753558
.235258
.671158
.854036
.043880
.710690
2.365086
.127318
.230932
.198406
.541954
.130200
1.132230
.642028
2.207160
1.051822
.127354
.704894
.021370
.006864
.433864
.137162
2.914384
2.097022
.151128
1.512584
.258208
.382574
10.958058
.016758
.250846
4.677856
.499594
.305570
3.457290
2.696638
.011960
1.872200
.245222
.151016
.534306
1.947826
.240252
.492642
.484324
4.695772
.284828
.360504
.373128
.021956
1.556532
.153744
.068518
.175076
.003162
2.385226
.029660
.000992
.005818
.012944
1.105328
.010002
.729056
.225770
1.140344
.254742
.410690
.198004
.351698
7.375968
.623980
2.857376
1.445164
.478114
1.162220
2.769884
1.566786
.930680
.683278
.480382
1.055676
1.255628
3.120022
.025608
1.654096
1.350590
.207686
.865954
.265684
.845094
.068552
.556606
.002234
.513336
.535782
.563718
.230852
.001244
.872936
.400582
.614346
.256848
.007812
.160576
4.000894
6.018888
.282214
.285946
.026236
.466436
3.846722
.086952
.008804
.194516
.251818
.374174
.019878
.265270
1.374084
1.301750
.377896
.417946
.444746
.247170
.788028
3.520482
.733204
.015416
.082188
.172150
.975154
.493368
.012910
.077248
.015838
.000364
.401988
.036806
.245076
.310240
5.888204
.009410
.003380
1.884904
.036092
.005236
.083138
1.281780
.043570
.011044
.289772
.228050
4.849774
.669384
.444494
.024818
.001918
.636256
.073796
.279024
1.204594
.235076
.007392
.326450
.100332
.903118
3.713970
1.906676
1.029914
.223930
.219840
.122182
2.589408
.176270
.192248
2.767000
.311836
3.844192
2.718458
.220126
.006352
.002978
.083582
1.512976
3.247404
.013470
.028398
.225872
3.125468
.066410
3.900086
.160690
.010270
.005946
4.027634
.392546
1.549114
.785050
1.242764
.169472
1.137212
.666352
.084516
1.415750
.443496
.183980
.396778
.270968
.310278
.006626
.004068
5.472470
.006680
2.182788
.978132
.328108
.569584
.109926
.174240
.006244
2.731442
1.953938
1.041520
.177226
.166928
1.075840
.194902
.036264
.021932
.234728
.041202
1.689962
.003840
.041758
.201630
1.360152
.595422
.712238
.088322
7.225840
1.750240
.902608
.036016
.024308
.041842
2.521808
.154280
.139286
.030340
1.286142
.600778
.079434
.029694
9.411888
.314078
.165008
1.128802
1.089526
.333038
.698310
.134654
1.016640
.005118
.284734
2.159436
.543652
.329386
.000088
.287560
.033514
2.101414
0
.039172
.331878
.002496
4.177072
.155056
.136570
.007676
2.107000
1.726458
.126830
.738326
3.255572
1.615260
.177722
.000046
2.883380
.277546
.156870
3.988000
.000018
.123656
.584232
.005550
.809824
.031670
.975740
.535134
.845172
.034656
.253980
2.107968
.133946
.137732
.981144
.266834
1.379280
.021622
2.009242
.772774
1.681898
2.561284
.220360
1.544422
1.254248
5.684608
.260418
1.954930
.021396
.705246
.038532
.827764
4.137884
2.324598
.678270
.232120
.107824
.312322
.174666
.435798
3.373992
.018538
.119168
1.658032
.632900
.269466
.104294
.019212
.063136
.611380
.008190
.286818
