.965454
.648016
.401666
.081392
.302704
.066230
1.406208
.002456
.820080
.654898
.321450
.454360
.073392
4.398400
.313182
.236590
3.022462
2.573130
1.286536
.011242
2.352130
4.519586
1.181598
1.450394
.517360
2.811304
.111676
1.242062
1.266144
.090504
.129800
1.356014
.535704
.643938
1.042846
.400868
.104110
2.182430
3.003744
.880456
1.299440
1.675294
3.318646
.352686
.989494
1.694658
1.996282
.646942
1.530860
2.783228
2.554574
.415396
.052818
.599648
.306632
.096818
1.461232
.159362
.016264
2.470366
1.340462
.360476
.060904
.246786
.382274
2.464804
.070598
2.386368
.240722
1.660822
.474500
2.789362
.273576
.003156
2.023798
.130480
.006194
1.292396
.241960
.567740
1.019648
1.797600
.005906
1.570576
.377334
.931508
.483222
1.359360
.661816
.258446
3.853118
.025892
.050398
.015728
1.090930
1.195770
.011580
.044994
.806466
3.640970
.514726
.001228
.176680
.763690
.220936
1.255472
.012048
.131614
.000082
1.574612
.935916
3.494476
2.350374
.667906
.003286
.381896
.528074
.730574
.355840
.256260
1.373232
.611732
2.477006
.071266
.226858
.742938
3.302336
.210098
.102836
5.183476
1.029228
.176334
4.408452
.879954
.035614
.201350
.041040
1.431686
.640504
1.916230
.155512
.348236
5.337892
.229600
.012984
.757382
.313128
.000580
.809350
.094086
.199226
.003116
1.389040
.004234
.561974
.123658
.524864
.310028
.031182
4.790852
3.233754
.177680
.069378
1.405108
.239044
.481446
.000740
.380102
2.115538
.145850
.890268
.089992
2.286696
1.997506
1.263570
.101022
1.253286
.030096
4.674920
.165386
.086744
.550774
.052758
5.157636
.388380
1.483596
.019812
.152584
.905754
.132146
.092258
9.062860
1.357352
2.120376
.940760
.725822
2.274720
2.868266
.001820
.028834
.085334
.592006
.433592
.283442
.164752
.139898
.834682
5.890646
.205120
.315388
2.195672
1.660254
.010408
.010990
2.864156
.032148
.313952
2.159296
7.605376
1.228754
.241480
.261600
1.448600
.265830
.027986
2.548020
.102282
3.689910
.041238
3.864672
.415938
.641390
.485520
.532548
.007824
4.119630
.507382
.550600
1.585354
.457494
.931636
.162594
8.423014
.010258
1.625590
.008236
.656804
4.280918
2.216892
.007552
.433278
.085332
.199028
.806452
.030678
2.356640
1.044494
.021472
2.099654
.511960
.001048
2.274132
.713102
.013024
1.451704
2.725860
.255130
.049952
.237610
2.131242
.659546
1.135148
2.786748
.117314
.469686
.763680
.947928
.001182
1.439142
.353356
.729728
.004682
.000930
.061602
.151136
.213928
.041798
.009134
.078684
2.557110
.679344
1.554518
1.358848
3.584656
.082890
6.403202
.196462
.557464
.844870
.838552
.435844
3.247714
.648588
.816730
.298290
.947602
.347104
1.215812
.463926
3.403196
.172908
1.409762
.026942
.417480
.110174
.762206
3.299470
1.557866
.000002
2.072076
.409916
.091392
2.188252
.633326
1.395466
.303372
.834848
.799062
.072284
.913406
.193546
.001882
1.237250
.632584
.270276
.158438
.804406
1.742012
2.375254
3.177394
.667592
.001244
2.415280
.110622
.194314
5.601800
2.670240
.264534
4.672688
1.678220
.113290
1.085270
.154568
.695620
.504982
7.154626
.279368
.750242
2.884618
.207324
.875222
.001428
1.184600
4.853170
2.936784
2.201932
1.697736
1.412058
.003834
.183606
.256896
.763240
.372762
1.827846
.001522
1.094846
2.037846
.375298
.071436
2.095450
7.545038
.222032
2.182558
2.535198
.766630
.016304
.002350
.013766
2.532980
.831228
.020384
.120674
.667330
.194802
.310412
1.034412
.774186
2.371322
1.315360
.105972
2.956118
2.106106
.343390
.134478
4.064786
4.935286
3.111992
1.861884
2.675306
1.970110
.118430
.267070
1.433624
.219588
.018228
.551458
1.763160
.097570
.802984
.090016
3.205802
.081326
2.084416
14.461426
1.188722
.576792
.000894
.328876
3.013160
.021550
.560162
.846822
.981404
.294414
2.811258
.097306
.482354
.800410
.727644
.153534
.049778
.000030
.729518
.312818
.870474
.394686
2.603178
1.350680
1.194424
.170948
.534862
.730328
.007208
.814794
1.791092
.003206
.220382
4.399732
.977764
4.850444
.408500
2.672076
.258868
1.007876
.195110
.114970
.037822
.079864
1.161760
.210670
.038776
.182914
.918824
1.482640
1.965518
.915072
.149658
1.976680
.174758
3.275632
.139816
.013286
1.591278
.775100
.071640
.000190
.022706
1.468958
.082232
.522090
.139724
.389162
.420810
.384736
.897410
.037002
7.378506
2.578110
.006508
.459638
.123440
.163234
.086330
.507434
.453326
.002302
.648522
.006758
1.249326
.001180
2.544768
.658980
.925416
1.794104
.872804
5.528056
.397566
.567164
.655258
.360548
.157478
.593964
.242158
.019992
.124204
.063976
.303350
5.284398
.167032
.731866
.115104
.601680
.016230
3.534828
.922896
.043964
3.800358
.372400
.157884
3.024208
1.073050
.042298
2.297386
1.408804
.020674
.594182
.041524
.418436
.051306
.627732
.234908
1.064252
.051568
.000924
.109684
.066296
.834178
.194152
.070798
.726308
.562580
.335532
.993920
2.456898
.027380
1.221408
.760212
6.226564
.144638
.466224
.040870
.016096
.016836
.250340
.001040
.595506
.554984
.323950
3.134938
.284004
.225104
1.449778
3.385812
.088670
.010774
.724694
.059486
.016744
1.008970
.380228
1.869984
1.319314
.006806
1.143068
.030572
.895502
.107006
.910752
4.955806
.924656
.500996
.074598
.745672
.167132
4.579434
2.252414
5.187348
1.149520
.229304
.291130
.365640
.527482
.209784
.663108
.477038
.052660
.094964
1.185244
15.117518
.010958
.668590
.316494
8.984754
.393658
4.647110
2.262740
.053226
.227530
3.998112
.668538
.918272
.216270
.040410
.687546
2.366204
.543266
.498144
.650142
.322308
.291900
1.193684
8.196286
.052752
4.729144
.196772
.045090
.227986
.485582
8.235326
.222296
.510156
.878646
.199456
1.346806
.001658
.118910
5.044042
.491486
1.267008
.027096
4.944532
.295690
.007696
1.529084
2.257816
.005800
.098820
1.132242
.023358
.997958
.053052
1.896750
.129324
.152434
.996692
.098418
.114024
.037724
.521456
.013798
.075864
1.704418
3.997674
1.920210
.256736
.130374
.997992
.142156
.450092
.265948
.003102
.138676
1.719132
.405524
2.157772
.125206
3.957708
.198702
.000560
2.093066
.537076
.004416
3.137560
2.429976
.326284
2.358636
.228256
1.919540
.299732
.099052
1.325388
.013500
.249700
5.932116
.674896
.341096
1.704264
2.639592
.381010
.992832
.838818
2.236692
.055790
4.290774
.348810
.433230
.024220
.272016
.189420
.186400
.045098
.878888
2.674060
.479046
.036688
.205684
.889244
.434996
.013546
.032550
.465638
2.219546
.138596
4.327772
.634058
1.318374
.023956
.775914
1.021936
.017470
5.834040
1.793356
1.309834
.034026
.014838
.234226
2.368610
5.015734
.871670
.470178
.075848
.185272
.059374
.079150
2.291996
.656412
1.586674
.819740
2.149816
.595156
1.636650
.022986
1.807502
1.387198
.104130
1.212298
.056676
.756738
3.913400
2.128588
.483250
.203352
.333550
.079050
.000064
.401166
.027320
.787746
2.658590
.386990
.293258
.671272
.851536
2.167380
.090060
2.662104
2.288456
2.353776
.016686
2.377420
.032940
.002036
.059270
.880030
.867160
.933704
6.834808
.050094
.008574
.007654
2.728642
.005250
.052588
.200350
1.374292
1.538998
1.954432
.015098
.520156
.353160
5.695050
1.050898
.766862
.143972
3.349736
2.080564
.241404
.035332
.593674
2.413152
.263910
4.580160
.167558
5.016400
.072802
5.061926
.001132
4.170998
1.158238
2.497188
.734716
.346102
.922106
.270952
.000696
.125386
.586568
.521958
4.609174
2.087810
1.454378
.570486
.472644
3.258508
2.226926
.914668
1.699298
.724498
.144900
2.493018
.148900
.632650
1.697158
.017614
3.092200
.031218
.007258
2.333290
.087972
.361442
.001990
.290500
1.383424
.851864
.062650
.708244
.078126
1.081124
2.075464
1.431248
2.472036
1.219026
.033758
1.651712
.956930
.488166
.098560
.025054
.800962
.132800
.603780
.064862
.441722
.425306
.730922
2.446614
.545628
.385758
.030066
.014636
.599446
.103640
2.356556
1.488814
1.289756
.535774
3.003216
1.881670
.178768
.147620
.015160
.317214
.031106
.028582
.000736
1.706222
.129968
.248348
.013652
.029978
3.132950
5.375784
1.584938
.732808
.030456
.017448
.748334
.185470
.039264
.323622
.155782
.131508
.084710
.793896
.122142
.000388
1.362192
.002218
1.210098
2.913312
.400320
.130724
.019070
.279006
.035788
.484386
.019260
.746962
.592976
.297682
.151090
.703910
.601986
.119206
.556122
.396008
.847372
1.159102
6.099700
.252534
.007668
.828700
.055302
.528730
.303784
2.260070
1.327330
.578626
.012350
1.197034
.006464
1.171968
.427068
.048426
.000668
1.462428
.234372
1.232580
1.710082
3.819146
1.466356
1.312388
.424900
.324750
1.432652
.310636
.021732
.031928
.112852
1.612966
.195616
1.191112
.165758
.061608
.852968
2.726372
.585678
.494400
1.137868
5.498470
