.003624
4.434838
.604328
.308438
.067184
.060160
5.533694
2.071616
.384800
.608700
.241328
1.304612
.000002
3.180340
1.161460
3.113668
.623560
1.359176
3.899482
3.854812
.003014
.127480
.060040
.460636
.386044
.004192
.851422
3.174670
.247812
.322474
2.717218
3.458866
1.047208
1.731370
.267694
.061634
.007064
.023120
.013542
1.161496
.880134
.278674
.175896
.178232
3.228732
4.253750
.009214
.021344
.014190
.038110
1.170962
.002726
1.283768
.994936
.317576
.158488
.163944
1.453274
.762190
.432036
1.995916
.888122
2.381458
1.321458
1.421198
.060346
.727448
.479910
.156122
.290702
2.600692
1.015308
2.826788
.213562
.205840
.790866
2.525016
.443828
.091438
.400854
.959122
4.629362
1.858354
.005252
.043464
1.167912
2.932652
2.488572
.056580
.005508
.034166
.461844
.165878
.295854
5.052280
.242622
.007954
.340462
.009836
.362770
1.810196
.219702
.037000
.000016
.027810
.244814
2.820406
.040520
.074278
.292444
.104848
.081930
.000810
.172054
3.389234
1.862518
2.732218
.775510
2.923024
1.318730
.022600
.097594
2.273638
.467642
.543816
2.542348
.276160
.026740
.029494
.585728
4.967580
.690724
.155080
.217300
.760052
.117294
.016148
.009442
.048088
.022018
3.360776
.150938
.025378
.080442
5.039906
.231298
.200154
.004032
.224944
.078374
2.152628
1.275748
.051562
.068678
.335842
.413118
6.572832
.045822
.010724
.732802
1.880570
.382644
.715066
.194252
1.222466
.734974
.090304
.085552
.264244
.062210
1.206802
.038684
.051014
2.853480
.351390
3.566300
1.391938
.012218
.070622
.674722
2.247090
.532158
.446724
2.070852
.169320
.463460
.047690
.463694
.980558
1.068748
.536248
.011674
.267914
.257500
.382742
.178934
4.601020
.257906
.011106
1.176422
.402284
.444324
3.444944
.310550
1.278466
.441238
2.651088
.006454
5.490506
.138792
1.173144
1.285672
1.326120
1.689064
1.147130
3.140140
.609816
.737370
.681478
1.408796
.183466
.000426
1.119852
.332492
.103792
.007530
.788982
.110496
.296206
.198672
.074386
1.317784
.166852
5.490804
7.439532
.030888
1.590708
.308964
1.471270
.459398
.002152
.043244
.759426
.698012
.140992
9.623164
1.959458
.802402
.209242
.110786
.807230
.027016
.879264
.152116
.006858
.412690
.035812
.023162
.126678
1.351492
2.523246
5.330146
6.570236
.002670
4.901126
2.168494
.203746
.642702
.045574
.006302
1.121346
.259000
.125358
.373120
.726672
1.857130
.013786
.813776
.878534
.570654
.002120
3.683462
.020418
.139400
1.732076
2.168496
.078746
1.305192
1.354456
1.882534
.003218
.243284
.298548
.542220
.958204
1.840374
1.007572
.079996
.365036
4.184584
.259714
.034778
.933518
.579442
1.283566
.179944
.764034
3.771616
.015984
.682290
.024428
.368362
1.152804
6.014156
.266796
.000080
.562150
.154976
.047928
1.624938
3.726746
.407884
.697134
.078776
.089758
.370740
.604542
.787054
.705092
.063202
.000188
3.048730
.363628
2.944508
.307280
.000746
.712990
.035238
.469730
1.886554
.952362
1.132628
.471216
1.881886
.768876
.037874
.019902
.035480
5.121144
.321220
.485952
.062150
3.436838
.327268
1.455332
.087278
.257608
1.253270
.005304
.857436
.029432
1.430570
1.859646
.825658
.392306
.405040
1.441578
1.419766
.810328
1.193456
.276334
.158848
1.592804
.814796
.887776
.397160
.066872
0
.385806
.813000
.145840
.204366
.089762
.038976
.034968
1.864300
.467330
6.335892
.163438
.135636
.124686
.010858
.688726
1.888674
.354974
.257866
.036536
.478190
.048584
2.584360
7.537224
.070356
.261198
3.785012
1.249078
.346952
1.425896
1.842078
1.992588
4.755752
.082004
.494486
.565592
1.078196
.006354
.846554
1.281190
2.115188
.007602
2.797676
.605310
5.559198
2.170968
4.104562
.078286
.000454
.140756
.535718
3.396868
.009484
.526502
.002414
3.184508
.453940
.425776
1.667354
.621434
8.212492
.071550
.153884
1.320788
4.196466
.396128
.637354
.001694
2.758064
.441636
.002638
.020630
.270152
.207994
.117748
.478366
.062294
.010436
.170230
.771486
.000066
.202820
.694438
1.058860
1.253852
1.187628
.970712
.016794
.012204
1.087414
.801104
1.289780
.037114
.780806
.959692
.357136
.926726
.035364
.026662
.003994
2.081024
.006212
.083656
.476356
1.442072
.724220
.074812
3.765754
.133206
3.000524
.135062
.061708
.243614
.002042
.308864
1.505096
1.671012
.017952
.820732
.781374
.508146
4.157402
.113396
.189634
1.186138
.102740
.017904
1.346732
.692422
1.532176
.304940
.068544
.888198
1.787526
.439004
.029976
2.451778
.073740
.000054
1.601810
2.627070
1.726832
3.960224
.144180
.094164
1.182012
.907652
3.686524
2.904236
1.343722
7.232076
.251976
.230690
.537266
.119548
.011472
2.145752
2.205712
2.414204
.000258
.684702
.408192
.032050
.078568
.438106
.101586
.481188
.001496
.458194
9.905232
7.753044
2.704834
.653996
.000258
.836778
.536412
7.210754
.018306
2.696208
2.694124
6.670344
1.765450
.234978
1.916664
1.899556
.014402
.040596
1.537634
.088756
.029358
.011408
4.019850
.367742
1.330396
2.353572
1.316028
.513356
5.058222
.001986
1.573118
.002866
.202270
.471216
.178702
3.894896
.080710
.740414
.149410
1.095936
1.074162
6.119814
.461892
.872076
.193966
.012310
.161432
.134650
.079134
1.309090
1.083022
.524658
.134358
.338030
1.393868
.300808
4.941518
.051446
.012302
1.454972
1.458546
.440670
.819254
.274674
1.444362
.131822
.890836
.076688
.764250
.000018
.282290
1.452194
2.654634
.082418
.060018
.738722
.006688
2.531220
.188964
2.370596
.000246
.685978
3.104600
.868340
1.491880
1.143912
1.240046
.340206
.142084
1.130308
.055906
.026328
.122948
5.358758
.922632
3.002384
.001256
.322958
.527518
.000752
.456482
.370414
.225212
4.385600
1.416450
.139972
.007762
.855476
.076796
.060170
.407654
.420182
.069956
.854716
.000610
4.667160
.007700
.085644
.417080
.085934
8.146120
4.971690
.387768
.204272
.962140
.803356
1.888786
.123846
.682710
.800852
.031562
.068118
.090148
.826976
2.206418
.181048
.821968
1.735786
4.467860
.544624
2.796638
.326184
2.186118
7.285378
.064024
.479236
.705496
.702186
.449134
.914684
1.179854
.203008
.411482
.735176
4.512626
.683154
.010948
.293598
6.290422
1.878606
.503440
.011922
.060816
.000032
.096402
.738918
2.618070
.931042
.011350
.122022
.438688
.074268
.518206
1.960226
.062912
.148810
.316796
.068388
1.381996
6.610272
3.006860
.033338
.173092
.386318
2.065522
.087820
1.055682
3.865976
.678948
2.119628
.232178
8.603984
.091062
5.604480
.006418
.774380
1.476820
.007602
1.675156
.266772
.085910
.091630
.082248
1.167886
.873402
.128314
.148542
3.206806
.139884
5.119310
2.281420
.398952
.013996
.044348
.570686
.382736
4.309036
.094844
.099250
2.161446
.746942
2.540348
1.938072
.666592
.005962
.038754
.576624
2.024122
5.034642
.035004
.159856
2.977806
.541542
.643566
1.831172
.021766
2.828076
.002006
.301358
2.593764
.234006
1.177770
.340990
2.520414
.013866
.378392
.344112
.096508
.050108
1.763228
1.557310
.603486
.041156
.005746
.730230
1.399292
3.593554
.016468
9.251092
2.803176
1.757080
.222304
.166118
1.424130
.252240
.151492
.095786
.002346
.042672
.812714
.000144
.229830
.180562
1.226612
.379002
3.394056
.065646
3.339388
1.761370
1.542076
.336506
.654560
3.734840
1.443236
1.624258
.012796
.017106
.249548
.058918
6.026830
.000172
1.974856
3.464690
.100360
.372236
.100500
.355072
.246950
.561048
4.129494
.692782
.484732
.013412
.102570
.029458
1.382496
.752152
.024134
.025392
.034110
1.360002
.941742
1.144386
1.157412
.693374
.591976
.047580
.056474
.040872
.487910
.648066
.753840
1.188450
2.041084
.035012
.032676
.230568
.060712
.338568
2.095758
.124040
.853142
.393390
6.658140
.053188
.449932
1.406924
.083702
.656534
.005956
.886296
4.963520
.942942
.127458
.138294
.726436
.496780
.402268
1.321564
5.596876
1.517856
.742706
.485264
6.794992
3.419582
1.304568
.113668
1.295802
1.226720
5.693492
.148920
.352024
.048944
.455674
.669608
.774698
.206792
1.053844
.061970
.203924
.000070
.824852
1.160904
2.648464
2.969528
4.581774
.098486
.121326
.074722
.106350
.750792
2.039288
.310740
.578702
.137018
.040446
.087230
.029012
.000004
.115824
.154642
.288374
.022244
.039600
1.488286
.161588
1.265928
.631566
.052648
1.901606
.002036
1.545224
1.158064
.943968
.483734
.428140
8.249460
1.261024
.658136
1.689808
.722362
1.450070
1.193662
.439880
.019232
4.884078
.102528
.372564
.175680
.656572
1.452178
1.049388
.587032
.005934
1.745240
.006834
.867976
4.723000
1.458022
.330330
.634414
.319324
.055998
.001114
5.206196
1.519260
2.719926
.097054
1.326598
1.571804
.370826
1.362292
.021154
.135064
2.608814
.076752
.005846
.000692
.094018
2.029314
.607538
.673706
.783222
.312756
