.675258
2.869590
.090086
.011582
.158798
.581454
.641220
.025032
.018696
.091634
.264936
.500880
1.219560
.198694
.068740
.045410
.007192
.246462
1.468218
.294484
.294930
.521402
.007242
.893876
.012784
.027738
.679462
.112624
.071110
.341278
.082186
4.438234
1.014890
.002456
1.253898
6.353730
7.514228
.000154
1.664202
.125324
.961192
.000016
1.038196
.859628
1.298882
1.049526
1.116890
1.735046
5.146422
.084692
.524112
2.156264
.933660
1.142676
.077394
1.569594
.073636
.060000
.258310
1.192044
1.223152
4.994492
.338352
1.012586
2.670656
1.530366
1.557104
.258446
.023288
2.470288
.319148
2.722954
.013934
.333404
1.100626
1.269116
.141862
1.047572
2.345176
.319832
.156618
2.821826
2.975692
1.695290
.012640
2.468294
3.466296
.185404
.775378
.083622
1.750308
.480648
.012412
.578922
3.799846
.344970
.063262
1.098598
.377038
.015528
.522296
1.571956
.059212
.004334
.123300
.580342
.006598
.409702
.005996
.000050
1.303804
.532178
.089564
.046708
2.162974
1.080146
.163914
.254234
8.582944
.481572
.787006
3.221158
.027158
2.065626
.970122
6.172390
.018670
.630806
.685198
1.769724
2.397380
.002242
.392906
4.461456
.061638
.166616
.093532
1.096866
2.158912
.050106
.642192
2.905138
.539730
.100502
.141016
1.656234
.184592
.316922
.454650
.367972
.109014
1.064762
1.777184
1.041182
.245878
.470598
1.461834
2.423782
.397858
3.496582
.064682
1.762140
3.315154
.063702
3.478036
.176854
.001088
.000234
.158662
.376554
.005752
.021842
.294418
.443606
.806800
.321458
1.019964
.949244
.009606
.824698
.201482
.000054
.980044
.001220
3.233118
.538550
.701896
.018258
.410308
1.378616
.355954
.380800
.469224
1.077330
2.012466
.044638
.517282
1.654456
.005710
.855616
1.525428
.000646
1.961346
.024230
.006272
.085930
.003576
.608754
.027066
1.880190
.063368
7.706312
.036442
.382004
.037444
.631048
.000846
.000880
1.633154
4.432090
.126792
2.437956
.487468
.219170
.320688
.635194
.112002
.050634
.091554
2.428514
.069892
1.144160
.502594
.058724
.035604
.758714
.472276
5.232140
.072660
2.755274
.102432
.012824
2.606338
.043666
.165842
1.249470
2.968900
.055978
.557648
2.575102
5.154092
.052828
1.408818
.027034
.709554
.354512
.007416
.377544
7.493598
.436420
2.859882
.002186
1.599362
1.166334
.002000
.006450
.051930
1.715962
3.126128
.458484
.916620
.879118
.340134
7.348616
.111540
.568916
.006412
.327274
.106626
2.560046
2.458756
3.962546
.180850
7.335924
6.803734
3.618922
.755840
.292776
.023916
1.070814
.392314
.225198
.011598
.022964
.036768
.198454
.015190
5.939842
.285944
.234996
.101520
.022060
.528114
5.044522
.173504
5.027806
1.295074
.670950
.102394
.249150
3.674776
.734120
.033076
.079776
1.703598
.994018
1.550010
2.294982
.014360
3.965902
2.097866
1.946594
.137222
.736670
.002908
.003030
1.694246
.054912
3.200504
.148808
.151356
.289856
.425040
.078016
.781930
.076380
1.956378
1.045808
.483480
.765792
.014700
.175578
.637260
.376538
1.035078
.448454
.000370
2.815676
.211472
1.407624
2.910490
.476092
.503160
.514386
.283618
.000064
.192010
.614474
6.807230
.332232
3.443660
3.824482
1.893868
.156812
.543224
.030976
.554288
.058662
.214148
1.276284
.086530
.193578
.368056
.000042
.090854
.152026
.493062
3.543092
1.006010
2.394344
.096718
2.208120
.088188
.049770
.886402
.187706
5.507498
.641530
.892304
.656882
2.133810
.436580
2.476122
1.075630
3.494856
.010516
.026470
5.227024
.145446
.094492
.003082
4.373356
.039202
.160796
.043732
.221046
1.901388
1.425628
.397046
.416506
3.982906
.001046
.007358
.000092
1.096932
1.094498
.000702
.471204
.343042
3.558934
.224408
.244614
.333126
4.662656
.282362
.417738
1.475990
.082668
.031358
1.137874
.057374
1.515614
.690804
.079732
.138300
.966742
.560850
.819658
3.300218
.623884
.587450
.040320
1.314448
.320644
.027260
.524924
.803436
1.673210
1.410064
.141944
.860184
1.027450
.058024
.049132
1.005632
.191546
.204856
1.756916
.000376
1.049014
.000018
.500532
.013062
1.070774
5.496572
.019718
.018218
.892666
.004314
.158008
.157456
6.803914
10.776778
.030780
1.762710
.343690
1.763912
.053914
.021796
.067660
1.239406
.849846
1.712010
1.346298
.536072
1.716104
.029824
.426418
1.225398
.344322
.076810
.114328
.158442
.123096
7.014012
.135860
.229732
.004358
1.151322
1.423842
1.134972
.439246
3.722802
.302462
2.222098
.005196
1.111410
1.020974
.020950
1.900304
.213424
.568040
.001010
.369386
.854988
.006856
2.083644
.225988
2.841190
.000012
.310954
1.235874
2.454738
1.581592
.044560
2.492678
.160486
1.939554
.627974
1.342806
.010138
3.043030
.693034
.252098
.047896
.370840
.366840
.000242
.037180
3.911088
.297390
.260428
.098216
1.371580
.165502
1.136340
.276204
2.696706
1.057286
.394914
4.007870
.222792
.810334
.321470
.341420
.974244
1.724190
1.396118
.078428
.742614
.035196
.004208
.223274
.000094
.926144
1.144062
3.934162
.104528
1.179046
.039882
.397780
.006068
.017464
3.339452
3.249696
.016428
.317424
.302272
5.218110
.952032
.426856
1.768778
.226620
.023728
.003492
.557244
2.643912
.288224
.029174
.467682
.505928
.488556
1.010362
.104432
.549076
.895608
.267404
1.018080
4.104440
.305992
.229898
.133308
.470482
1.298128
.479856
.132788
.672564
.057338
2.306216
1.466912
.119216
1.025400
.019164
.008644
1.029822
1.929598
.001548
.320740
2.486856
1.376346
2.560830
.947788
.826924
1.379386
1.060918
4.157730
1.136010
.040458
1.830348
3.994426
3.981104
.209918
.817734
.028842
.007138
.010130
.899766
.000090
.702600
.097524
.159908
.009910
.394438
.000100
.008498
.804484
.233164
.069042
.019498
.831414
.040544
.031074
4.297068
1.681850
.224488
.424866
1.285706
1.516708
.521958
2.314260
.680036
.423026
1.005778
1.570468
4.477112
.265464
.782924
.541728
.845326
.023044
.350930
1.551276
4.463614
.187980
.071542
.672786
.675570
.003284
.006322
.038538
.362392
.031642
.208280
2.299824
.094776
.150840
.831084
.014496
.256728
.166714
1.106888
1.009412
3.809134
.023706
4.872286
.001466
.238828
3.604024
.000772
3.832578
.025202
1.127974
.011960
.433060
1.540600
.417272
.185978
2.416202
.257600
.007276
4.394014
2.205478
.002794
.173834
.346582
.305222
.264626
.559248
1.319950
.289520
.006636
.299142
3.026092
.193592
1.218822
.001170
.128734
.379220
.128502
.380724
.056688
1.117606
2.083966
.116080
.003080
.078388
1.062254
1.805668
.154214
.502786
4.835374
.741342
4.794342
.798934
.078746
.991504
3.275348
3.451774
.575608
.002344
1.299712
.034368
.238420
1.023684
.186262
4.484882
.423222
.069214
.070320
.354936
.179688
.610354
3.016896
.007374
1.400890
.603312
1.911268
1.036094
.151464
2.596072
4.065820
7.425396
.019036
2.914630
1.338060
.641062
.469292
.419512
.727372
.468236
1.503760
.797980
.813378
.019756
.986220
.142124
1.827154
.126042
1.925196
.016660
3.195088
2.678990
2.475846
.578460
.555486
2.456948
7.256354
.294864
.342698
1.077068
.494968
.827548
.019510
.232738
.124616
5.976792
.102780
1.962884
1.415574
.774652
1.376552
1.589368
5.620444
.535902
.535282
.567314
1.673418
.014506
.121212
.126586
.380816
.464376
1.011240
.892938
.570332
2.765168
.065828
.223554
.168502
2.207374
2.680236
.929486
1.051768
.553188
.299486
1.184120
.023350
.216116
1.659512
.061846
.473554
.161504
.168126
.288314
.002648
.464150
.005586
.242642
.322694
.786858
.232358
.788598
1.768340
.000064
.897586
2.428190
.473186
.044670
.019442
.555850
.456720
.907912
.087508
.109932
.205894
.576534
1.760466
.137294
.058324
.661146
.456170
.332192
.779170
1.742728
2.781236
3.188170
.045548
.008504
.007702
2.068292
2.666620
.073138
.204850
4.281022
.091834
3.420316
1.448654
2.044920
.754968
1.466800
.121726
.213228
.089516
3.170522
.294282
.222864
.035000
1.097374
.355060
1.783044
2.828794
1.240452
1.211512
.017022
.063070
.791646
.007034
1.526506
.125904
.023042
.046006
.203518
5.309432
.067020
.586826
.022450
.000034
.000004
.221806
2.263786
2.846922
.203164
.158016
4.302420
.183494
6.760972
.696612
.921152
1.810864
.709042
1.908810
.135316
.302364
1.284196
.010664
1.232212
2.151192
10.857112
.290174
3.710502
.248198
.946946
.024584
.753034
.041306
1.172260
.601612
1.440630
.474028
.874174
.001320
.039334
4.203786
1.835488
.380516
.268238
.025862
.458656
.750774
.418342
.090626
.110424
2.296978
.595458
.794680
.978590
.021982
4.297430
.309388
.248890
.963036
.882174
2.154880
.026962
.006110
1.536600
1.047466
.839700
1.163340
1.146472
.232068
4.279224
8.021584
4.900796
.072214
.016274
1.128274
2.459662
1.060076
.496638
.620136
2.109444
.967166
1.506946
2.767618
1.112094
2.079872
.037468
1.898968
.207046
