-4600.108183
-4552.289849
-4546.410146
-4671.705891
-4594.552035
-4512.370183
-4581.824183
-4542.982089
-4509.376940
-4596.945121
-4562.070217
-4452.569665
-4616.793357
-4495.215865
-4638.965261
-4498.430187
-4588.413950
-4662.505213
-4663.808195
-4579.970035
-4585.061228
-4593.560283
-4671.116502
-4464.536874
-4799.104994
-4503.409637
-4550.442047
-4703.348621
-4538.664763
-4596.048562
-4553.325079
-4613.425025
-4663.844209
-4546.469715
-4552.591742
-4602.503788
-4653.732506
-4567.323957
-4563.341237
-4561.595888
-4424.722023
-4763.387712
-4567.347841
-4515.432497
-4603.892216
-4575.376450
-4643.354184
-4478.127935
-4465.333164
-4707.572886
-4513.115983
-4583.538922
-4623.424059
-4610.197299
-4650.875967
-4485.488387
-4564.582836
-4586.624774
-4556.990646
-4501.664876
-4633.309125
-4591.469199
-4635.145909
-4553.390809
-4565.474252
-4571.524711
-4571.762762
-4527.451054
-4589.675730
-4492.422821
-4678.175161
-4662.420941
-4582.846233
-4570.786311
-4688.815589
-4647.031551
-4671.301044
-4504.285935
-4544.984524
-4528.720201
-4696.710882
-4492.109667
-4645.355015
-4625.008917
-4535.666812
-4561.441799
-4617.735580
-4620.513713
-4608.612888
-4663.034807
-4548.263372
-4674.951982
-4633.645293
-4557.164105
-4527.040487
-4519.244886
-4677.287473
-4647.938672
-4630.147350
-4504.766653
-4577.961850
-4526.678662
-4546.849574
-4660.963357
-4611.698938
-4491.429134
-4532.413237
-4492.514504
-4506.386470
-4515.103739
-4462.856824
-4541.752620
-4534.267607
-4535.849406
-4551.125294
-4622.904922
-4681.821072
-4734.136359
-4603.588331
-4611.362875
-4550.788388
-4663.861504
-4648.066789
-4608.722563
-4587.921083
-4693.952987
-4612.494162
-4510.050371
-4577.510398
-4574.611278
-4664.334798
-4585.049360
-4551.594232
-4515.833048
-4581.822168
-4651.466642
-4572.538299
-4704.261601
-4565.558239
-4562.879443
-4477.303779
-4569.201451
-4639.423815
-4628.221311
-4645.365573
-4520.198429
-4585.387440
-4643.346679
-4560.073109
-4619.830635
-4670.102785
-4604.393410
-4694.429596
-4644.867218
-4744.337568
-4460.778304
-4492.960084
-4406.229981
-4498.478253
-4696.470382
-4491.103195
-4553.506153
-4619.600814
-4697.585714
-4485.150947
-4553.800439
-4515.225714
-4393.932026
-4574.005727
-4609.618709
-4388.265620
-4661.521471
-4573.613725
-4512.750971
-4502.315299
-4504.602018
-4572.755880
-4484.221606
-4616.352341
-4628.268062
-4601.480864
-4517.597361
-4476.239284
-4642.975214
-4751.738936
-4478.169790
-4515.523681
-4575.789199
-4477.714202
-4548.898924
-4507.680855
-4455.763045
-4583.635263
-4628.762802
-4570.232634
-4559.496664
-4574.718195
-4645.235109
-4425.490475
-4510.642788
-4529.320651
-4481.192741
-4595.593516
-4613.942130
-4492.331091
-4634.071218
-4530.739596
-4642.453636
-4515.846587
-4623.329357
-4607.689757
-4589.322163
-4652.286457
-4671.620197
-4574.100784
-4521.625147
-4531.908298
-4641.001142
-4463.675547
-4588.386001
-4586.350559
-4698.471136
-4501.455090
-4484.895324
-4509.130281
-4567.882575
-4545.450660
-4637.295353
-4507.259365
-4619.364902
-4600.479729
-4507.187736
-4499.333417
-4500.440206
-4498.313949
-4683.528207
-4472.058179
-4534.801243
-4466.305385
-4464.962293
-4604.675671
-4618.016500
-4576.841835
-4468.066039
-4625.984886
-4600.814628
-4513.828159
-4573.782784
-4650.750105
-4549.553422
-4563.371222
-4617.964657
-4551.045867
-4670.774258
-4602.619746
-4499.250010
-4627.716035
-4560.981589
-4556.063004
-4602.599160
-4740.851667
-4485.174648
-4563.854641
-4713.535960
-4612.812820
-4572.295334
-4514.984052
-4647.875250
-4561.618743
-4441.938581
-4606.902358
-4571.594057
-4602.402919
-4507.834533
-4578.021913
-4583.130183
-4567.205904
-4533.386270
-4594.208136
-4683.515873
-4562.317553
-4602.358940
-4531.529880
-4554.030336
-4600.326672
-4552.458131
-4554.826207
-4614.040706
-4609.222526
-4510.204740
-4562.347238
-4531.080239
-4727.258996
-4536.971156
-4609.021517
-4661.724829
-4670.161439
-4722.097106
-4588.486038
-4586.813873
-4558.860306
-4734.549894
-4615.566608
-4617.668736
-4436.593816
-4596.187274
-4464.795396
-4427.337424
-4560.901284
-4526.691290
-4561.865108
-4591.451181
-4553.674422
-4446.099645
-4502.023437
-4659.709178
-4663.997738
-4553.014390
-4613.996181
-4478.439430
-4616.180576
-4552.131797
-4467.773074
-4678.549321
-4548.577883
-4532.272476
-4452.003605
-4632.132465
-4726.151936
-4627.362088
-4554.682645
-4493.164942
-4578.237677
-4590.138150
-4570.354312
-4528.458360
-4752.085579
-4584.660078
-4631.863978
-4569.886405
-4612.395189
-4544.346292
-4546.893558
-4538.760385
-4564.405962
-4592.209275
-4563.107771
-4540.980271
-4610.560998
-4577.386831
-4627.197150
-4666.730104
-4537.915417
-4504.024176
-4628.520768
-4714.124914
-4658.686024
-4578.510963
-4596.964465
-4527.888415
-4570.438941
-4576.688431
-4568.836222
-4459.025054
-4556.251818
-4449.790348
-4577.359194
-4623.381111
-4555.989912
-4412.431496
-4564.280181
-4562.836849
-4707.285283
-4647.282195
-4654.788135
-4545.687602
-4566.662720
-4561.901863
-4629.142653
-4543.878693
-4527.499246
-4537.506172
-4568.027551
-4681.661768
-4641.322522
-4425.883083
-4539.077074
-4685.932315
-4567.255470
-4492.680353
-4540.225250
-4524.460762
-4548.520178
-4648.969675
-4771.180021
-4548.273835
-4581.398571
-4543.931104
-4589.161938
-4525.036029
-4559.111773
-4514.825024
-4630.275911
-4635.011607
-4582.069539
-4647.063394
-4624.784303
-4572.341205
-4531.249592
-4522.459300
-4485.611523
-4646.730491
-4617.972245
-4556.418114
-4627.001330
-4567.375422
-4708.739051
-4590.738620
-4528.228583
-4637.346466
-4607.762277
-4530.021869
-4532.983288
-4531.630319
-4714.095933
-4561.033949
-4771.755281
-4686.463538
-4588.426544
-4563.143493
-4536.973539
-4667.464971
-4546.130277
-4611.689431
-4763.915667
-4557.886006
-4731.392378
-4659.719948
-4569.595246
-4690.301885
-4610.072111
-4574.515405
-4501.766981
-4565.021154
-4614.146948
-4623.381517
-4657.912691
-4589.979284
-4641.955314
-4658.263715
-4617.206518
-4635.703727
-4586.841620
-4654.657173
-4566.564209
-4599.977342
-4687.761749
-4584.132086
-4670.333496
-4650.765329
-4575.616973
-4525.100669
-4576.346008
-4574.643645
-4523.958301
-4653.518633
-4527.498161
-4640.676040
-4660.770097
-4587.481724
-4555.626344
-4590.162142
-4508.889675
-4654.552396
-4704.622465
-4616.696688
-4580.475895
-4660.831596
-4467.204781
-4443.361076
-4499.851953
-4476.815163
-4647.234518
-4461.618717
-4556.471582
-4575.142133
-4622.326231
-4630.483561
-4468.617501
-4569.548509
-4632.095624
-4463.005345
-4650.742220
-4581.736516
-4479.942942
-4614.026316
-4572.147118
-4611.971607
-4528.955311
-4568.761223
-4596.285624
-4607.329499
-4586.270763
-4558.678958
-4605.019564
-4623.348654
-4642.341326
-4613.005783
-4627.772067
-4588.140021
-4653.117559
-4516.533207
-4599.175803
-4593.214108
-4502.123571
-4490.615552
-4545.065127
-4789.184758
-4588.535751
-4722.392487
-4560.024970
-4567.733168
-4648.601622
-4540.760488
-4576.448849
-4552.939925
-4514.632936
-4604.081277
-4485.739467
-4585.548636
-4554.948140
-4561.567176
-4569.346945
-4677.473250
-4629.000538
-4593.740343
-4636.476022
-4563.218157
-4533.251849
-4673.835591
-4457.814703
-4655.769622
-4607.286967
-4559.985961
-4604.804764
-4639.863632
-4571.100347
-4456.289022
-4573.677771
-4493.042432
-4526.640940
-4690.540472
-4460.694211
-4472.089460
-4584.386152
-4706.923261
-4629.012141
-4670.830667
-4600.493060
-4602.969936
-4731.992984
-4560.516320
-4597.643521
-4565.473073
-4496.206791
-4642.766271
-4469.164628
-4484.120487
-4531.443647
-4514.200366
-4603.005440
-4623.259654
-4545.801204
-4633.856545
-4641.526328
-4509.783717
-4501.286812
-4652.655781
-4527.576466
-4611.685142
-4593.332268
-4638.246346
-4644.301139
-4584.936787
-4661.140584
-4414.086441
-4687.975982
-4574.276478
-4541.029371
-4541.278749
-4676.359185
-4708.977801
-4535.439858
-4559.893485
-4422.158918
-4616.200547
-4633.309259
-4473.017880
-4632.459116
-4569.358700
-4530.708897
-4426.561974
-4615.948115
-4705.633504
-4576.653470
-4618.128544
-4679.537288
-4537.182363
-4597.618687
-4656.220907
-4578.392501
-4632.682851
-4509.266022
-4573.733141
-4520.026778
-4610.492197
-4590.458012
-4683.830670
-4561.796572
-4802.839092
-4532.976303
-4607.792311
-4605.583626
-4541.031741
-4555.083104
-4543.289235
-4517.658044
-4459.662647
-4720.345339
-4675.397590
-4651.118066
-4687.314645
-4536.027024
-4539.909116
-4551.644237
-4587.606019
-4607.127347
-4705.733455
-4470.565450
-4700.440157
-4625.465376
-4549.490194
-4579.824812
-4757.610231
-4558.296541
-4595.015025
-4566.502778
-4621.544351
-4703.640087
-4600.264766
-4534.436993
-4579.646286
-4447.258693
-4656.980363
-4560.363204
-4555.062439
-4675.325585
-4628.516647
-4576.581006
-4603.123209
-4609.912981
-4586.359700
-4571.232338
-4603.334928
-4622.461206
-4587.645365
-4619.274492
-4520.213550
-4538.476184
-4512.743664
-4576.567956
-4634.890311
-4518.674535
-4675.829496
-4592.170460
-4538.471911
-4680.749425
-4671.153236
-4485.591858
-4666.372384
-4599.620156
-4677.379122
-4390.165531
-4647.133536
-4452.068376
-4642.015692
-4625.922267
-4608.100405
-4625.441047
-4548.384017
-4522.573516
-4471.411637
-4569.570312
-4629.284780
-4622.113775
-4514.206155
-4556.925671
-4508.114082
-4450.141529
-4518.536731
-4623.809365
-4559.837270
-4584.998554
-4624.760336
-4579.298948
-4485.118136
-4573.135558
-4595.421394
-4516.462304
-4530.277733
-4513.766794
-4608.692556
-4634.625330
-4656.281930
-4369.467170
-4449.301808
-4568.269471
-4688.303521
-4641.529725
-4609.223274
-4478.895602
-4638.340867
-4531.052429
-4593.511083
-4559.737079
-4533.122460
-4530.840458
-4535.574752
-4499.538749
-4506.242915
-4621.625365
-4598.059549
-4527.524362
-4616.856524
-4540.262331
-4549.302418
-4579.788155
-4749.520180
-4669.729527
-4590.176805
-4691.594543
-4447.504145
-4554.318549
-4594.127125
-4510.391677
-4613.722410
-4678.329043
-4492.550296
-4509.610661
-4558.022185
-4548.031730
-4655.822598
-4552.890227
-4613.443293
-4540.715682
-4684.334217
-4577.322353
-4726.125752
-4535.616424
-4586.210394
-4499.870070
-4515.318132
-4775.488228
-4572.607704
-4605.057061
-4464.814726
-4610.322712
-4520.597768
-4512.543681
-4612.479671
-4562.690587
-4620.667907
-4563.612482
-4536.681833
-4542.742303
-4664.921830
-4607.022367
-4608.377681
-4485.116420
-4637.996663
-4585.964481
-4503.718152
-4741.769609
-4545.215471
-4420.240630
-4650.343380
-4522.491963
-4622.284455
-4530.348317
-4637.958573
-4625.165298
-4665.938245
-4601.356439
-4591.073968
-4658.304784
-4547.077530
-4492.631779
-4429.965898
-4476.908685
-4624.725071
-4496.715093
-4685.515238
-4579.795472
-4573.648111
-4512.200049
-4588.130727
-4610.293020
-4582.367660
-4490.462635
-4444.011584
-4577.484254
-4600.874393
-4592.833625
-4587.584216
-4635.141595
-4653.778126
-4554.519497
-4708.346077
-4522.436481
-4550.732141
-4624.843685
-4593.555441
-4401.895503
-4644.018595
-4547.659876
-4450.147653
-4499.028445
-4539.722778
-4638.336536
-4515.989350
-4701.339021
-4691.265923
-4525.135324
-4622.621602
-4457.187538
-4585.300385
-4572.772841
-4639.137139
-4511.134362
-4658.260718
-4466.585126
-4580.111457
-4586.199073
-4594.294815
-4621.193959
-4595.115544
-4600.086832
-4569.914199
-4450.210087
-4663.753676
-4521.998804
-4537.299824
-4598.604866
-4678.117225
-4478.426996
-4636.375275
-4557.600053
-4563.237683
-4448.523394
-4683.689586
-4692.937291
-4642.835343
-4637.398504
-4555.873538
-4639.507719
-4729.062549
-4593.263373
-4473.194472
-4601.177347
-4526.213172
-4461.797801
-4463.843105
-4528.443001
-4656.927749
-4597.934666
-4572.070434
-4494.551756
-4551.179587
-4552.341331
-4519.280501
-4602.154292
-4617.010900
-4473.024019
-4674.745319
-4546.102816
-4504.093930
-4380.119951
-4565.528161
-4559.346344
-4615.404300
-4619.182207
-4419.973119
-4530.149527
-4553.767869
-4434.445627
-4568.457623
-4632.159420
-4682.813453
-4602.639936
-4580.813368
-4574.232481
-4549.837914
-4534.694526
-4523.972091
-4554.448079
-4615.230370
-4627.129411
-4722.296287
-4477.199756
-4676.576879
-4582.795101
-4573.323565
-4459.384338
-4577.938160
-4536.136103
-4563.522490
-4652.782237
-4524.925955
-4577.174821
-4674.854985
-4536.427508
-4584.156504
-4666.074864
-4634.406734
-4720.475757
-4581.493831
-4514.478841
-4599.924368
-4598.436736
-4484.534432
-4479.868888
-4528.296535
-4689.442109
-4591.117231
-4543.169951
-4600.980692
-4639.761847
-4565.958240
-4537.919414
-4471.124153
-4697.034430
-4588.470438
-4680.925928
-4596.413768
-4467.179044
-4523.832138
-4643.153483
-4672.713212
-4630.472677
-4504.194796
-4584.013796
-4588.593322
-4513.126129
-4486.401860
-4516.118976
-4610.100950
-4640.936826
-4553.190403
-4612.508483
-4551.485577
-4624.920646
-4546.325359
-4544.135505
-4596.907508
-4541.913681
-4596.002711
-4654.490891
-4514.755711
-4669.061629
-4588.281166
-4519.508168
-4508.995412
-4520.343998
-4561.696434
-4665.979552
-4621.122759
-4679.780994
-4598.296409
-4511.525127
-4563.008984
-4590.746380
-4606.951776
-4500.904350
-4606.050432
-4461.124707
-4520.842517
-4540.695891
-4618.697809
-4699.430193
-4488.844262
-4667.722480
-4558.321660
-4556.619813
-4546.402055
-4581.758378
-4609.669890
-4649.407617
-4571.962192
-4514.720755
-4576.779957
