Supplemental results for CODEML (seqf: bigmhc.phy  treef: bigmhc.trees)


MLEs of dN/dS (w) for site classes (K=11)

p:   0.09150  0.09150  0.09150  0.09150  0.09150  0.09150  0.09150  0.09150  0.09150  0.09150  0.08499
w:   0.00000  0.00002  0.00042  0.00315  0.01411  0.04649  0.12380  0.27899  0.53972  0.87628  5.07931

Naive Empirical Bayes (NEB) probabilities for 11 classes & postmean_w & P(w>1)
(amino acids refer to 1st sequence: a2)

   1 G   0.15658 0.15656 0.15619 0.15371 0.14412 0.11915 0.07568 0.03046 0.00663 0.00093 0.00000 ( 1)  0.030  0.000
   2 S   0.14769 0.14767 0.14742 0.14573 0.13910 0.12124 0.08733 0.04523 0.01498 0.00361 0.00000 ( 1)  0.043  0.000
   3 H   0.00000 0.00012 0.00264 0.01935 0.08044 0.21205 0.33162 0.25710 0.08316 0.01352 0.00000 ( 7)  0.181  0.000
   4 S   0.00000 0.00007 0.00146 0.01081 0.04626 0.13271 0.25393 0.29485 0.18743 0.07249 0.00000 ( 8)  0.285  0.000
   5 M   0.15320 0.15318 0.15286 0.15071 0.14236 0.12031 0.08050 0.03595 0.00929 0.00162 0.00000 ( 1)  0.035  0.000
   6 R   0.15272 0.15271 0.15240 0.15029 0.14210 0.12043 0.08113 0.03674 0.00973 0.00176 0.00000 ( 1)  0.035  0.000
   7 Y   0.11866 0.11866 0.11860 0.11823 0.11675 0.11249 0.10293 0.08613 0.06384 0.04339 0.00033 ( 1)  0.118  0.000
   8 F   0.00000 0.00006 0.00136 0.01010 0.04332 0.12522 0.24406 0.29401 0.19873 0.08314 0.00000 ( 8)  0.299  0.000
   9 F   0.00000 0.00000 0.00000 0.00000 0.00000 0.00000 0.00000 0.00000 0.00000 0.00001 0.99999 (11)  5.079  1.000
  10 T   0.14581 0.14580 0.14557 0.14401 0.13789 0.12131 0.08935 0.04838 0.01728 0.00459 0.00000 ( 1)  0.046  0.000
  11 S   0.00000 0.00000 0.00000 0.00000 0.00000 0.00000 0.00000 0.00012 0.02651 0.73801 0.23536 (10)  1.857  0.235
  12 V   0.00000 0.00000 0.00000 0.00000 0.00000 0.00000 0.00001 0.00232 0.11172 0.88569 0.00027 (10)  0.838  0.000
  13 S   0.14791 0.14790 0.14764 0.14593 0.13924 0.12122 0.08708 0.04485 0.01472 0.00350 0.00000 ( 1)  0.042  0.000
  14 R   0.00000 0.00008 0.00168 0.01240 0.05275 0.14883 0.27370 0.29359 0.16353 0.05344 0.00000 ( 8)  0.259  0.000
  15 P   0.15138 0.15137 0.15107 0.14908 0.14134 0.12073 0.08288 0.03899 0.01100 0.00216 0.00000 ( 1)  0.037  0.000
  16 G   0.00000 0.00000 0.00000 0.00023 0.00428 0.03855 0.17493 0.36303 0.30308 0.11590 0.00000 ( 8)  0.390  0.000
  17 R   0.00000 0.00000 0.00000 0.00016 0.00310 0.02867 0.13851 0.32592 0.33566 0.16798 0.00000 ( 9)  0.438  0.000
  18 G   0.15727 0.15725 0.15687 0.15432 0.14446 0.11886 0.07464 0.02936 0.00615 0.00082 0.00000 ( 1)  0.030  0.000
  19 E   0.00000 0.00014 0.00293 0.02145 0.08860 0.22894 0.34148 0.24091 0.06665 0.00890 0.00000 ( 7)  0.165  0.000
  20 P   0.15138 0.15137 0.15107 0.14908 0.14134 0.12073 0.08288 0.03899 0.01100 0.00216 0.00000 ( 1)  0.037  0.000
  21 R   0.00000 0.00000 0.00000 0.00017 0.00331 0.03044 0.14532 0.33381 0.33016 0.15679 0.00000 ( 8)  0.428  0.000
  22 F   0.14645 0.14644 0.14620 0.14459 0.13831 0.12131 0.08869 0.04732 0.01648 0.00423 0.00000 ( 1)  0.045  0.000
  23 I   0.15014 0.15012 0.14984 0.14796 0.14060 0.12096 0.08446 0.04109 0.01226 0.00258 0.00000 ( 1)  0.039  0.000
  24 A   0.00000 0.00000 0.00000 0.00000 0.00000 0.00000 0.00000 0.00000 0.00002 0.00120 0.99878 (11)  5.074  0.999
  25 V   0.15560 0.15558 0.15523 0.15285 0.14363 0.11954 0.07712 0.03203 0.00733 0.00110 0.00000 ( 1)  0.032  0.000
  26 G   0.15658 0.15656 0.15619 0.15371 0.14412 0.11915 0.07568 0.03046 0.00663 0.00093 0.00000 ( 1)  0.030  0.000
  27 Y   0.15383 0.15381 0.15348 0.15127 0.14270 0.12012 0.07963 0.03492 0.00875 0.00147 0.00000 ( 1)  0.034  0.000
  28 V   0.15560 0.15558 0.15523 0.15285 0.14363 0.11954 0.07712 0.03203 0.00733 0.00110 0.00000 ( 1)  0.032  0.000
  29 D   0.16473 0.16470 0.16419 0.16072 0.14749 0.11445 0.06250 0.01860 0.00244 0.00018 0.00000 ( 1)  0.022  0.000
  30 D   0.00000 0.00014 0.00305 0.02235 0.09203 0.23585 0.34487 0.23381 0.06049 0.00740 0.00000 ( 7)  0.159  0.000
  31 T   0.00000 0.00008 0.00176 0.01302 0.05527 0.15497 0.28076 0.29220 0.15465 0.04728 0.00000 ( 8)  0.249  0.000
  32 Q   0.00000 0.00000 0.00000 0.00000 0.00000 0.00040 0.01296 0.13627 0.42436 0.42600 0.00000 (10)  0.642  0.000
  33 F   0.14645 0.14644 0.14620 0.14459 0.13831 0.12131 0.08869 0.04732 0.01648 0.00423 0.00000 ( 1)  0.045  0.000
  34 V   0.15560 0.15558 0.15523 0.15285 0.14363 0.11954 0.07712 0.03203 0.00733 0.00110 0.00000 ( 1)  0.032  0.000
  35 R   0.00000 0.00008 0.00177 0.01304 0.05537 0.15515 0.28077 0.29181 0.15450 0.04750 0.00000 ( 8)  0.249  0.000
  36 F   0.14586 0.14584 0.14561 0.14405 0.13792 0.12132 0.08931 0.04831 0.01722 0.00455 0.00000 ( 1)  0.046  0.000
  37 D   0.16473 0.16470 0.16419 0.16072 0.14749 0.11445 0.06250 0.01860 0.00244 0.00018 0.00000 ( 1)  0.022  0.000
  38 S   0.15506 0.15504 0.15469 0.15237 0.14335 0.11973 0.07791 0.03290 0.00775 0.00120 0.00000 ( 1)  0.032  0.000
  39 D   0.16473 0.16470 0.16419 0.16072 0.14749 0.11445 0.06250 0.01860 0.00244 0.00018 0.00000 ( 1)  0.022  0.000
  40 A   0.00000 0.00009 0.00200 0.01475 0.06228 0.17160 0.29821 0.28564 0.13167 0.03376 0.00000 ( 7)  0.226  0.000
  41 A   0.00000 0.00000 0.00000 0.00000 0.00000 0.00000 0.00006 0.00770 0.18015 0.81207 0.00002 (10)  0.811  0.000
  42 S   0.13646 0.13645 0.13630 0.13529 0.13127 0.12010 0.09713 0.06347 0.03110 0.01243 0.00000 ( 1)  0.065  0.000
  43 Q   0.00000 0.00009 0.00190 0.01399 0.05920 0.16435 0.29087 0.28892 0.14150 0.03919 0.00000 ( 7)  0.236  0.000
  44 R   0.00000 0.00006 0.00126 0.00931 0.04007 0.11680 0.23223 0.29142 0.21147 0.09737 0.00000 ( 8)  0.316  0.000
  45 M   0.00000 0.00000 0.00000 0.00000 0.00000 0.00000 0.00000 0.00000 0.00000 0.00000 1.00000 (11)  5.079  1.000
  46 E   0.00000 0.00000 0.00000 0.00000 0.00000 0.00000 0.00014 0.01420 0.24511 0.74056 0.00000 (10)  0.785  0.000
  47 P   0.15246 0.15244 0.15213 0.15005 0.14195 0.12049 0.08149 0.03719 0.00998 0.00183 0.00000 ( 1)  0.036  0.000
  48 R   0.15102 0.15101 0.15072 0.14876 0.14112 0.12080 0.08334 0.03960 0.01136 0.00228 0.00000 ( 1)  0.038  0.000
  49 A   0.00000 0.00010 0.00213 0.01566 0.06589 0.17993 0.30616 0.28112 0.12074 0.02828 0.00000 ( 7)  0.216  0.000
  50 P   0.14419 0.14418 0.14397 0.14251 0.13681 0.12127 0.09096 0.05109 0.01942 0.00559 0.00000 ( 1)  0.049  0.000
  51 W   0.14532 0.14531 0.14508 0.14355 0.13757 0.12132 0.08986 0.04921 0.01791 0.00487 0.00000 ( 1)  0.047  0.000
  52 I   0.00000 0.00000 0.00000 0.00000 0.00005 0.00058 0.00541 0.03914 0.19448 0.55328 0.20706 (10)  1.653  0.207
  53 E   0.16350 0.16348 0.16298 0.15968 0.14707 0.11534 0.06460 0.02022 0.00289 0.00024 0.00000 ( 1)  0.023  0.000
  54 Q   0.00000 0.00011 0.00225 0.01658 0.06955 0.18824 0.31355 0.27586 0.11030 0.02356 0.00000 ( 7)  0.206  0.000
  55 E   0.00000 0.00014 0.00292 0.02140 0.08840 0.22855 0.34128 0.24131 0.06701 0.00899 0.00000 ( 7)  0.166  0.000
  56 G   0.00000 0.00000 0.00000 0.00000 0.00018 0.00537 0.06329 0.28133 0.41741 0.23242 0.00000 ( 9)  0.516  0.000
  57 P   0.15256 0.15254 0.15223 0.15014 0.14200 0.12046 0.08135 0.03702 0.00989 0.00181 0.00000 ( 1)  0.035  0.000
  58 E   0.00000 0.00013 0.00282 0.02067 0.08560 0.22280 0.33811 0.24698 0.07245 0.01043 0.00000 ( 7)  0.171  0.000
  59 Y   0.11866 0.11866 0.11860 0.11823 0.11675 0.11249 0.10293 0.08613 0.06384 0.04339 0.00033 ( 1)  0.118  0.000
  60 W   0.14532 0.14531 0.14508 0.14355 0.13757 0.12132 0.08986 0.04921 0.01791 0.00487 0.00000 ( 1)  0.047  0.000
  61 D   0.00000 0.00015 0.00309 0.02259 0.09298 0.23774 0.34573 0.23182 0.05887 0.00703 0.00000 ( 7)  0.158  0.000
  62 G   0.00000 0.00000 0.00000 0.00000 0.00000 0.00000 0.00000 0.00000 0.00058 0.06246 0.93695 (11)  4.814  0.937
  63 E   0.00000 0.00000 0.00000 0.00000 0.00000 0.00000 0.00000 0.00000 0.00000 0.00000 1.00000 (11)  5.079  1.000
  64 T   0.00000 0.00002 0.00036 0.00271 0.01202 0.03846 0.09543 0.18663 0.28458 0.33986 0.03994 (10)  0.720  0.040
  65 R   0.00000 0.00000 0.00000 0.00000 0.00000 0.00000 0.00040 0.02160 0.26023 0.71776 0.00000 (10)  0.776  0.000
  66 K   0.00000 0.00000 0.00000 0.00000 0.00000 0.00000 0.00000 0.00100 0.06954 0.87875 0.05070 (10)  1.065  0.051
  67 V   0.00000 0.00000 0.00000 0.00000 0.00000 0.00000 0.00000 0.00000 0.00000 0.00000 1.00000 (11)  5.079  1.000
  68 K   0.00000 0.00012 0.00247 0.01812 0.07564 0.20173 0.32438 0.26589 0.09438 0.01729 0.00000 ( 7)  0.191  0.000
  69 A   0.00000 0.00000 0.00000 0.00000 0.00000 0.00000 0.00000 0.00000 0.00008 0.01425 0.98567 (11)  5.019  0.986
  70 H   0.00000 0.00000 0.00000 0.00000 0.00000 0.00000 0.00000 0.00000 0.00000 0.00000 1.00000 (11)  5.079  1.000
  71 S   0.00000 0.00000 0.00000 0.00000 0.00000 0.00000 0.00000 0.00000 0.00000 0.00000 1.00000 (11)  5.079  1.000
  72 Q   0.15769 0.15767 0.15728 0.15468 0.14465 0.11868 0.07400 0.02871 0.00587 0.00076 0.00000 ( 1)  0.029  0.000
  73 T   0.00000 0.00000 0.00000 0.00000 0.00000 0.00010 0.00168 0.01637 0.09026 0.27184 0.61975 (11)  3.440  0.620
  74 H   0.00000 0.00000 0.00000 0.00000 0.00000 0.00000 0.00000 0.00016 0.04185 0.95729 0.00069 (10)  0.865  0.001
  75 R   0.11239 0.11238 0.11235 0.11213 0.11122 0.10860 0.10258 0.09148 0.07548 0.05890 0.00249 ( 1)  0.150  0.002
  76 V   0.00000 0.00000 0.00000 0.00000 0.00000 0.00000 0.00000 0.00002 0.01559 0.96140 0.02299 (10)  0.968  0.023
  77 D   0.00000 0.00000 0.00000 0.00000 0.00000 0.00000 0.00000 0.00000 0.00000 0.00000 1.00000 (11)  5.079  1.000
  78 L   0.14802 0.14801 0.14775 0.14603 0.13931 0.12121 0.08696 0.04466 0.01460 0.00346 0.00000 ( 1)  0.042  0.000
  79 G   0.00000 0.00000 0.00000 0.00000 0.00000 0.00027 0.00908 0.10595 0.39245 0.49225 0.00000 (10)  0.674  0.000
  80 T   0.00000 0.00000 0.00000 0.00000 0.00000 0.00000 0.00000 0.00000 0.00000 0.00000 1.00000 (11)  5.079  1.000
  81 L   0.00000 0.00000 0.00000 0.00000 0.00000 0.00000 0.00000 0.00000 0.00000 0.00000 1.00000 (11)  5.079  1.000
  82 R   0.00000 0.00000 0.00000 0.00000 0.00000 0.00000 0.00000 0.00000 0.00004 0.00764 0.99231 (11)  5.047  0.992
  83 G   0.00000 0.00000 0.00000 0.00000 0.00000 0.00000 0.00000 0.00000 0.00099 0.13584 0.86317 (11)  4.504  0.863
  84 Y   0.15383 0.15381 0.15348 0.15127 0.14270 0.12012 0.07963 0.03492 0.00875 0.00147 0.00000 ( 1)  0.034  0.000
  85 Y   0.15383 0.15381 0.15348 0.15127 0.14270 0.12012 0.07963 0.03492 0.00875 0.00147 0.00000 ( 1)  0.034  0.000
  86 N   0.16092 0.16090 0.16046 0.15749 0.14608 0.11701 0.06889 0.02382 0.00401 0.00041 0.00000 ( 1)  0.026  0.000
  87 Q   0.15769 0.15767 0.15728 0.15468 0.14465 0.11868 0.07400 0.02871 0.00587 0.00076 0.00000 ( 1)  0.029  0.000
  88 S   0.15506 0.15504 0.15469 0.15237 0.14335 0.11973 0.07791 0.03290 0.00775 0.00120 0.00000 ( 1)  0.032  0.000
  89 E   0.16350 0.16348 0.16298 0.15968 0.14707 0.11534 0.06460 0.02022 0.00289 0.00024 0.00000 ( 1)  0.023  0.000
  90 A   0.00000 0.00000 0.00000 0.00000 0.00000 0.00036 0.01173 0.12705 0.41571 0.44514 0.00000 (10)  0.651  0.000
  91 G   0.00000 0.00008 0.00172 0.01266 0.05381 0.15142 0.27668 0.29300 0.15978 0.05084 0.00000 ( 8)  0.255  0.000
  92 S   0.11538 0.11537 0.11533 0.11504 0.11388 0.11052 0.10290 0.08916 0.07007 0.05135 0.00099 ( 1)  0.133  0.001
  93 H   0.16109 0.16107 0.16062 0.15763 0.14615 0.11690 0.06862 0.02358 0.00394 0.00039 0.00000 ( 1)  0.026  0.000
  94 T   0.00000 0.00000 0.00000 0.00000 0.00000 0.00000 0.00000 0.00000 0.00006 0.00750 0.99244 (11)  5.048  0.992
  95 V   0.00000 0.00000 0.00000 0.00000 0.00000 0.00000 0.00000 0.00000 0.00000 0.00000 1.00000 (11)  5.079  1.000
  96 Q   0.15769 0.15767 0.15728 0.15468 0.14465 0.11868 0.07400 0.02871 0.00587 0.00076 0.00000 ( 1)  0.029  0.000
  97 R   0.00000 0.00000 0.00000 0.00000 0.00000 0.00000 0.00000 0.00000 0.00000 0.00000 1.00000 (11)  5.079  1.000
  98 M   0.15320 0.15318 0.15286 0.15071 0.14236 0.12031 0.08050 0.03595 0.00929 0.00162 0.00000 ( 1)  0.035  0.000
  99 Y   0.00000 0.00000 0.00000 0.00000 0.00000 0.00000 0.00000 0.00002 0.00133 0.02022 0.97842 (11)  4.988  0.978
 100 G   0.15658 0.15656 0.15619 0.15371 0.14412 0.11915 0.07568 0.03046 0.00663 0.00093 0.00000 ( 1)  0.030  0.000
 101 C   0.15015 0.15013 0.14985 0.14797 0.14061 0.12096 0.08445 0.04107 0.01224 0.00257 0.00000 ( 1)  0.039  0.000
 102 D   0.00000 0.00000 0.00001 0.00045 0.00824 0.06945 0.26964 0.40951 0.20292 0.03979 0.00000 ( 8)  0.295  0.000
 103 V   0.00000 0.00000 0.00000 0.00000 0.00000 0.00000 0.00000 0.00074 0.07030 0.92684 0.00213 (10)  0.861  0.002
 104 G   0.15808 0.15806 0.15767 0.15502 0.14484 0.11850 0.07340 0.02810 0.00562 0.00071 0.00000 ( 1)  0.029  0.000
 105 S   0.00000 0.00000 0.00000 0.00000 0.00000 0.00000 0.00021 0.01352 0.20729 0.77888 0.00009 (10)  0.799  0.000
 106 D   0.00000 0.00000 0.00001 0.00045 0.00826 0.06960 0.27004 0.40955 0.20249 0.03960 0.00000 ( 8)  0.295  0.000
 107 W   0.00000 0.00000 0.00000 0.00000 0.00019 0.00546 0.06418 0.28373 0.41704 0.22940 0.00000 ( 9)  0.513  0.000
 108 R   0.15255 0.15253 0.15222 0.15013 0.14200 0.12047 0.08137 0.03704 0.00989 0.00181 0.00000 ( 1)  0.035  0.000
 109 F   0.00000 0.00000 0.00000 0.00000 0.00000 0.00017 0.00614 0.07983 0.35429 0.55956 0.00001 (10)  0.705  0.000
 110 L   0.14973 0.14972 0.14944 0.14759 0.14036 0.12102 0.08495 0.04177 0.01269 0.00273 0.00000 ( 1)  0.040  0.000
 111 R   0.15255 0.15253 0.15222 0.15013 0.14200 0.12047 0.08137 0.03704 0.00989 0.00181 0.00000 ( 1)  0.035  0.000
 112 G   0.15808 0.15806 0.15767 0.15502 0.14484 0.11850 0.07340 0.02810 0.00562 0.00071 0.00000 ( 1)  0.029  0.000
 113 Y   0.00000 0.00000 0.00000 0.00000 0.00000 0.00000 0.00000 0.00000 0.00013 0.00609 0.99378 (11)  5.053  0.994
 114 H   0.00000 0.00000 0.00000 0.00000 0.00000 0.00000 0.00000 0.00000 0.00000 0.00000 1.00000 (11)  5.079  1.000
 115 Q   0.15769 0.15767 0.15728 0.15468 0.14465 0.11868 0.07400 0.02871 0.00587 0.00076 0.00000 ( 1)  0.029  0.000
 116 Y   0.00000 0.00000 0.00000 0.00000 0.00000 0.00000 0.00000 0.00000 0.00000 0.00000 1.00000 (11)  5.079  1.000
 117 A   0.15405 0.15404 0.15371 0.15147 0.14282 0.12005 0.07931 0.03455 0.00858 0.00143 0.00000 ( 1)  0.033  0.000
 118 Y   0.15383 0.15381 0.15348 0.15127 0.14270 0.12012 0.07963 0.03492 0.00875 0.00147 0.00000 ( 1)  0.034  0.000
 119 D   0.16473 0.16470 0.16419 0.16072 0.14749 0.11445 0.06250 0.01860 0.00244 0.00018 0.00000 ( 1)  0.022  0.000
 120 G   0.15658 0.15656 0.15619 0.15371 0.14412 0.11915 0.07568 0.03046 0.00663 0.00093 0.00000 ( 1)  0.030  0.000
 121 K   0.15888 0.15886 0.15845 0.15572 0.14520 0.11811 0.07216 0.02687 0.00513 0.00061 0.00000 ( 1)  0.028  0.000
 122 D   0.13880 0.13879 0.13862 0.13749 0.13302 0.12064 0.09556 0.05987 0.02730 0.00992 0.00000 ( 1)  0.060  0.000
 123 Y   0.15383 0.15381 0.15348 0.15127 0.14270 0.12012 0.07963 0.03492 0.00875 0.00147 0.00000 ( 1)  0.034  0.000
 124 I   0.15079 0.15078 0.15049 0.14855 0.14099 0.12085 0.08365 0.03998 0.01158 0.00234 0.00000 ( 1)  0.038  0.000
 125 A   0.15487 0.15486 0.15451 0.15220 0.14325 0.11978 0.07816 0.03320 0.00791 0.00125 0.00000 ( 1)  0.032  0.000
 126 L   0.14753 0.14752 0.14727 0.14559 0.13900 0.12124 0.08749 0.04548 0.01518 0.00370 0.00000 ( 1)  0.043  0.000
 127 K   0.00000 0.00000 0.00001 0.00031 0.00585 0.05115 0.21673 0.39206 0.25998 0.07392 0.00000 ( 8)  0.344  0.000
 128 E   0.16348 0.16346 0.16297 0.15967 0.14706 0.11535 0.06463 0.02025 0.00290 0.00024 0.00000 ( 1)  0.023  0.000
 129 D   0.16363 0.16361 0.16312 0.15980 0.14711 0.11524 0.06437 0.02004 0.00284 0.00023 0.00000 ( 1)  0.023  0.000
 130 L   0.14802 0.14801 0.14775 0.14603 0.13931 0.12121 0.08696 0.04466 0.01460 0.00346 0.00000 ( 1)  0.042  0.000
 131 R   0.00000 0.00000 0.00000 0.00000 0.00000 0.00002 0.00183 0.04701 0.32410 0.62704 0.00000 (10)  0.738  0.000
 132 S   0.14168 0.14167 0.14148 0.14018 0.13509 0.12109 0.09326 0.05524 0.02293 0.00738 0.00000 ( 1)  0.054  0.000
 133 W   0.14532 0.14531 0.14508 0.14355 0.13757 0.12132 0.08986 0.04921 0.01791 0.00487 0.00000 ( 1)  0.047  0.000
 134 T   0.15124 0.15122 0.15093 0.14895 0.14125 0.12076 0.08308 0.03923 0.01114 0.00220 0.00000 ( 1)  0.037  0.000
 135 A   0.15596 0.15594 0.15558 0.15317 0.14381 0.11939 0.07659 0.03145 0.00707 0.00104 0.00000 ( 1)  0.031  0.000
 136 A   0.15637 0.15635 0.15598 0.15352 0.14401 0.11923 0.07599 0.03080 0.00678 0.00097 0.00000 ( 1)  0.031  0.000
 137 D   0.00000 0.00015 0.00308 0.02253 0.09274 0.23726 0.34552 0.23233 0.05927 0.00712 0.00000 ( 7)  0.158  0.000
 138 M   0.00000 0.00008 0.00178 0.01310 0.05562 0.15582 0.28171 0.29198 0.15344 0.04647 0.00000 ( 8)  0.248  0.000
 139 A   0.15560 0.15559 0.15523 0.15285 0.14363 0.11953 0.07711 0.03202 0.00734 0.00110 0.00000 ( 1)  0.032  0.000
 140 A   0.11928 0.11928 0.11922 0.11883 0.11729 0.11284 0.10289 0.08550 0.06265 0.04195 0.00027 ( 1)  0.116  0.000
 141 Q   0.15769 0.15767 0.15728 0.15468 0.14465 0.11868 0.07400 0.02871 0.00587 0.00076 0.00000 ( 1)  0.029  0.000
 142 T   0.00000 0.00008 0.00166 0.01229 0.05231 0.14776 0.27251 0.29392 0.16506 0.05441 0.00000 ( 8)  0.260  0.000
 143 T   0.00000 0.00000 0.00000 0.00000 0.00000 0.00022 0.00764 0.09362 0.37597 0.52254 0.00000 (10)  0.688  0.000
 144 K   0.00000 0.00000 0.00000 0.00000 0.00000 0.00047 0.01470 0.14877 0.43451 0.40155 0.00000 ( 9)  0.630  0.000
 145 H   0.00000 0.00000 0.00000 0.00000 0.00011 0.00322 0.04106 0.21424 0.41546 0.32592 0.00000 ( 9)  0.575  0.000
 146 K   0.15953 0.15951 0.15909 0.15628 0.14549 0.11778 0.07114 0.02589 0.00475 0.00054 0.00000 ( 1)  0.027  0.000
 147 W   0.00000 0.00000 0.00000 0.00000 0.00005 0.00164 0.02296 0.14440 0.38269 0.44825 0.00001 (10)  0.643  0.000
 148 E   0.16350 0.16348 0.16298 0.15968 0.14707 0.11534 0.06460 0.02022 0.00289 0.00024 0.00000 ( 1)  0.023  0.000
 149 A   0.00000 0.00010 0.00213 0.01566 0.06590 0.17996 0.30619 0.28110 0.12071 0.02826 0.00000 ( 7)  0.216  0.000
 150 A   0.00000 0.00009 0.00200 0.01472 0.06212 0.17123 0.29785 0.28581 0.13215 0.03402 0.00000 ( 7)  0.227  0.000
 151 H   0.00000 0.00000 0.00000 0.00000 0.00000 0.00000 0.00000 0.00000 0.00001 0.00025 0.99974 (11)  5.078  1.000
 152 E   0.00000 0.00000 0.00000 0.00000 0.00000 0.00000 0.00000 0.00000 0.00000 0.00000 1.00000 (11)  5.079  1.000
 153 A   0.15637 0.15635 0.15598 0.15352 0.14401 0.11923 0.07599 0.03080 0.00678 0.00097 0.00000 ( 1)  0.031  0.000
 154 E   0.16350 0.16348 0.16298 0.15968 0.14707 0.11534 0.06460 0.02022 0.00289 0.00024 0.00000 ( 1)  0.023  0.000
 155 Q   0.00000 0.00011 0.00227 0.01671 0.07008 0.18944 0.31458 0.27505 0.10882 0.02293 0.00000 ( 7)  0.204  0.000
 156 Q   0.00000 0.00000 0.00000 0.00000 0.00000 0.00000 0.00000 0.00000 0.00000 0.00000 1.00000 (11)  5.079  1.000
 157 R   0.12162 0.12162 0.12155 0.12110 0.11929 0.11413 0.10268 0.08305 0.05815 0.03671 0.00011 ( 1)  0.107  0.000
 158 A   0.00000 0.00000 0.00000 0.00000 0.00013 0.00395 0.04886 0.23961 0.41910 0.28834 0.00000 ( 9)  0.552  0.000
 159 Y   0.15383 0.15381 0.15348 0.15127 0.14270 0.12012 0.07963 0.03492 0.00875 0.00147 0.00000 ( 1)  0.034  0.000
 160 L   0.14791 0.14790 0.14764 0.14593 0.13924 0.12121 0.08707 0.04485 0.01474 0.00352 0.00000 ( 1)  0.042  0.000
 161 E   0.00000 0.00014 0.00291 0.02130 0.08802 0.22778 0.34086 0.24209 0.06773 0.00918 0.00000 ( 7)  0.166  0.000
 162 G   0.00000 0.00010 0.00216 0.01593 0.06697 0.18241 0.30845 0.27965 0.11756 0.02677 0.00000 ( 7)  0.213  0.000
 163 T   0.00000 0.00000 0.00000 0.00000 0.00000 0.00000 0.00000 0.00000 0.00000 0.00000 1.00000 (11)  5.079  1.000
 164 C   0.15015 0.15013 0.14985 0.14797 0.14061 0.12096 0.08445 0.04107 0.01224 0.00257 0.00000 ( 1)  0.039  0.000
 165 V   0.15560 0.15558 0.15523 0.15285 0.14363 0.11954 0.07712 0.03203 0.00733 0.00110 0.00000 ( 1)  0.032  0.000
 166 E   0.00000 0.00000 0.00000 0.00000 0.00000 0.00001 0.00122 0.05017 0.37751 0.57109 0.00000 (10)  0.718  0.000
 167 W   0.00000 0.00000 0.00000 0.00000 0.00000 0.00000 0.00000 0.00000 0.00000 0.00025 0.99975 (11)  5.078  1.000
 168 L   0.00000 0.00000 0.00000 0.00014 0.00262 0.02457 0.12230 0.30545 0.34748 0.19743 0.00000 ( 9)  0.462  0.000
 169 R   0.15255 0.15253 0.15222 0.15013 0.14200 0.12047 0.08137 0.03704 0.00989 0.00181 0.00000 ( 1)  0.035  0.000
 170 R   0.12164 0.12164 0.12157 0.12112 0.11931 0.11414 0.10267 0.08302 0.05811 0.03667 0.00011 ( 1)  0.107  0.000
 171 Y   0.00000 0.00000 0.00000 0.00000 0.00000 0.00000 0.00005 0.00656 0.16621 0.82712 0.00005 (10)  0.817  0.000
 172 L   0.14802 0.14801 0.14775 0.14603 0.13931 0.12121 0.08696 0.04466 0.01460 0.00346 0.00000 ( 1)  0.042  0.000
 173 E   0.00000 0.00014 0.00289 0.02115 0.08743 0.22657 0.34019 0.24328 0.06888 0.00948 0.00000 ( 7)  0.167  0.000
 174 N   0.16041 0.16039 0.15996 0.15705 0.14587 0.11730 0.06972 0.02457 0.00427 0.00045 0.00000 ( 1)  0.026  0.000
 175 G   0.00000 0.00011 0.00231 0.01700 0.07121 0.19198 0.31670 0.27328 0.10576 0.02166 0.00000 ( 7)  0.201  0.000
 176 K   0.15953 0.15951 0.15909 0.15628 0.14549 0.11778 0.07114 0.02589 0.00475 0.00054 0.00000 ( 1)  0.027  0.000
 177 E   0.00000 0.00000 0.00000 0.00000 0.00035 0.00977 0.10332 0.36983 0.38241 0.13432 0.00000 ( 9)  0.441  0.000
 178 T   0.00000 0.00000 0.00000 0.00018 0.00334 0.03068 0.14624 0.33486 0.32940 0.15531 0.00000 ( 8)  0.427  0.000
 179 L   0.14802 0.14801 0.14775 0.14603 0.13931 0.12121 0.08696 0.04466 0.01460 0.00346 0.00000 ( 1)  0.042  0.000
 180 Q   0.00000 0.00000 0.00000 0.00000 0.00019 0.00557 0.06527 0.28658 0.41650 0.22588 0.00000 ( 9)  0.511  0.000
 181 R   0.00000 0.00009 0.00180 0.01329 0.05639 0.15766 0.28372 0.29137 0.15084 0.04484 0.00000 ( 8)  0.245  0.000
 182 T   0.00000 0.00000 0.00000 0.00020 0.00377 0.03427 0.15961 0.34885 0.31759 0.13571 0.00000 ( 8)  0.409  0.000
 183 D   0.00000 0.00014 0.00292 0.02140 0.08838 0.22851 0.34124 0.24135 0.06706 0.00900 0.00000 ( 7)  0.166  0.000
 184 A   0.00000 0.00000 0.00000 0.00000 0.00010 0.00307 0.03943 0.20857 0.41396 0.33487 0.00000 ( 9)  0.580  0.000
 185 P   0.12891 0.12891 0.12880 0.12811 0.12536 0.11757 0.10089 0.07423 0.04436 0.02286 0.00001 ( 1)  0.085  0.000
 186 K   0.00000 0.00012 0.00244 0.01793 0.07492 0.20014 0.32314 0.26711 0.09622 0.01798 0.00000 ( 7)  0.193  0.000
 187 T   0.12195 0.12195 0.12188 0.12142 0.11958 0.11430 0.10262 0.08267 0.05751 0.03601 0.00010 ( 1)  0.106  0.000
 188 H   0.14920 0.14919 0.14892 0.14710 0.14002 0.12104 0.08552 0.04267 0.01334 0.00301 0.00000 ( 1)  0.040  0.000
 189 M   0.00000 0.00009 0.00201 0.01477 0.06235 0.17177 0.29846 0.28566 0.13137 0.03352 0.00000 ( 7)  0.226  0.000
 190 T   0.14868 0.14866 0.14840 0.14663 0.13972 0.12115 0.08620 0.04355 0.01385 0.00317 0.00000 ( 1)  0.041  0.000
 191 H   0.16109 0.16107 0.16062 0.15763 0.14615 0.11690 0.06862 0.02358 0.00394 0.00039 0.00000 ( 1)  0.026  0.000
 192 H   0.15998 0.15996 0.15954 0.15668 0.14569 0.11753 0.07040 0.02521 0.00451 0.00049 0.00000 ( 1)  0.027  0.000
 193 A   0.00000 0.00007 0.00153 0.01132 0.04834 0.13793 0.26052 0.29482 0.17961 0.06585 0.00000 ( 8)  0.276  0.000
 194 V   0.00000 0.00000 0.00000 0.00000 0.00000 0.00000 0.00004 0.00506 0.14520 0.84936 0.00034 (10)  0.826  0.000
 195 S   0.11538 0.11537 0.11533 0.11504 0.11388 0.11052 0.10290 0.08916 0.07007 0.05135 0.00099 ( 1)  0.133  0.001
 196 D   0.16473 0.16470 0.16419 0.16072 0.14749 0.11445 0.06250 0.01860 0.00244 0.00018 0.00000 ( 1)  0.022  0.000
 197 H   0.13435 0.13435 0.13421 0.13329 0.12967 0.11954 0.09843 0.06665 0.03463 0.01488 0.00000 ( 1)  0.070  0.000
 198 E   0.16330 0.16328 0.16279 0.15951 0.14699 0.11547 0.06494 0.02050 0.00298 0.00025 0.00000 ( 1)  0.024  0.000
 199 A   0.00000 0.00000 0.00000 0.00020 0.00383 0.03485 0.16169 0.35085 0.31566 0.13292 0.00000 ( 8)  0.406  0.000
 200 T   0.15049 0.15047 0.15019 0.14827 0.14081 0.12090 0.08402 0.04050 0.01190 0.00246 0.00000 ( 1)  0.038  0.000
 201 L   0.14802 0.14801 0.14775 0.14603 0.13931 0.12121 0.08696 0.04466 0.01460 0.00346 0.00000 ( 1)  0.042  0.000
 202 R   0.15220 0.15219 0.15188 0.14982 0.14180 0.12055 0.08182 0.03761 0.01021 0.00191 0.00000 ( 1)  0.036  0.000
 203 C   0.15015 0.15013 0.14985 0.14797 0.14061 0.12096 0.08445 0.04107 0.01224 0.00257 0.00000 ( 1)  0.039  0.000
 204 W   0.14532 0.14531 0.14508 0.14355 0.13757 0.12132 0.08986 0.04921 0.01791 0.00487 0.00000 ( 1)  0.047  0.000
 205 A   0.15487 0.15486 0.15451 0.15220 0.14325 0.11978 0.07816 0.03320 0.00791 0.00125 0.00000 ( 1)  0.032  0.000
 206 L   0.14802 0.14801 0.14775 0.14603 0.13931 0.12121 0.08696 0.04466 0.01460 0.00346 0.00000 ( 1)  0.042  0.000
 207 S   0.00000 0.00000 0.00000 0.00000 0.00014 0.00429 0.05242 0.25053 0.41963 0.27298 0.00000 ( 9)  0.542  0.000
 208 F   0.14645 0.14644 0.14620 0.14459 0.13831 0.12131 0.08869 0.04732 0.01648 0.00423 0.00000 ( 1)  0.045  0.000
 209 Y   0.15383 0.15381 0.15348 0.15127 0.14270 0.12012 0.07963 0.03492 0.00875 0.00147 0.00000 ( 1)  0.034  0.000
 210 P   0.11727 0.11726 0.11721 0.11688 0.11554 0.11167 0.10296 0.08746 0.06651 0.04671 0.00053 ( 1)  0.124  0.001
 211 A   0.00000 0.00010 0.00214 0.01576 0.06630 0.18087 0.30703 0.28056 0.11954 0.02771 0.00000 ( 7)  0.214  0.000
 212 E   0.16350 0.16348 0.16298 0.15968 0.14707 0.11534 0.06460 0.02022 0.00289 0.00024 0.00000 ( 1)  0.023  0.000
 213 I   0.15079 0.15078 0.15049 0.14855 0.14099 0.12085 0.08365 0.03998 0.01158 0.00234 0.00000 ( 1)  0.038  0.000
 214 T   0.11520 0.11520 0.11516 0.11487 0.11373 0.11042 0.10289 0.08930 0.07039 0.05178 0.00105 ( 1)  0.134  0.001
 215 L   0.14802 0.14801 0.14775 0.14603 0.13931 0.12121 0.08696 0.04466 0.01460 0.00346 0.00000 ( 1)  0.042  0.000
 216 T   0.15124 0.15122 0.15093 0.14895 0.14125 0.12076 0.08308 0.03923 0.01114 0.00220 0.00000 ( 1)  0.037  0.000
 217 W   0.14532 0.14531 0.14508 0.14355 0.13757 0.12132 0.08986 0.04921 0.01791 0.00487 0.00000 ( 1)  0.047  0.000
 218 Q   0.15769 0.15767 0.15728 0.15468 0.14465 0.11868 0.07400 0.02871 0.00587 0.00076 0.00000 ( 1)  0.029  0.000
 219 R   0.00000 0.00008 0.00164 0.01212 0.05160 0.14601 0.27038 0.29407 0.16766 0.05645 0.00000 ( 8)  0.263  0.000
 220 D   0.13880 0.13879 0.13862 0.13749 0.13302 0.12064 0.09556 0.05987 0.02730 0.00992 0.00000 ( 1)  0.060  0.000
 221 G   0.15713 0.15711 0.15673 0.15419 0.14439 0.11892 0.07486 0.02959 0.00624 0.00084 0.00000 ( 1)  0.030  0.000
 222 E   0.16350 0.16348 0.16298 0.15968 0.14707 0.11534 0.06460 0.02022 0.00289 0.00024 0.00000 ( 1)  0.023  0.000
 223 D   0.16473 0.16470 0.16419 0.16072 0.14749 0.11445 0.06250 0.01860 0.00244 0.00018 0.00000 ( 1)  0.022  0.000
 224 Q   0.14031 0.14030 0.14012 0.13890 0.13410 0.12087 0.09434 0.05743 0.02502 0.00861 0.00000 ( 1)  0.057  0.000
 225 T   0.12983 0.12983 0.12972 0.12899 0.12610 0.11795 0.10055 0.07300 0.04266 0.02136 0.00000 ( 1)  0.082  0.000
 226 Q   0.15769 0.15767 0.15728 0.15468 0.14465 0.11868 0.07400 0.02871 0.00587 0.00076 0.00000 ( 1)  0.029  0.000
 227 D   0.16473 0.16470 0.16419 0.16072 0.14749 0.11445 0.06250 0.01860 0.00244 0.00018 0.00000 ( 1)  0.022  0.000
 228 T   0.14089 0.14088 0.14070 0.13945 0.13453 0.12098 0.09391 0.05651 0.02410 0.00804 0.00000 ( 1)  0.055  0.000
 229 E   0.16350 0.16348 0.16298 0.15968 0.14707 0.11534 0.06460 0.02022 0.00289 0.00024 0.00000 ( 1)  0.023  0.000
 230 L   0.12479 0.12479 0.12471 0.12416 0.12197 0.11573 0.10211 0.07941 0.05208 0.03023 0.00003 ( 1)  0.097  0.000
 231 V   0.15560 0.15558 0.15523 0.15285 0.14363 0.11954 0.07712 0.03203 0.00733 0.00110 0.00000 ( 1)  0.032  0.000
 232 E   0.16350 0.16348 0.16298 0.15968 0.14707 0.11534 0.06460 0.02022 0.00289 0.00024 0.00000 ( 1)  0.023  0.000
 233 T   0.15124 0.15122 0.15093 0.14895 0.14125 0.12076 0.08308 0.03923 0.01114 0.00220 0.00000 ( 1)  0.037  0.000
 234 R   0.13624 0.13623 0.13609 0.13508 0.13111 0.12004 0.09727 0.06381 0.03146 0.01267 0.00000 ( 1)  0.066  0.000
 235 P   0.11587 0.11587 0.11582 0.11552 0.11432 0.11083 0.10292 0.08872 0.06914 0.05012 0.00085 ( 1)  0.130  0.001
 236 A   0.11714 0.11714 0.11709 0.11676 0.11543 0.11160 0.10295 0.08758 0.06675 0.04701 0.00056 ( 1)  0.124  0.001
 237 G   0.13347 0.13346 0.13333 0.13245 0.12898 0.11924 0.09887 0.06792 0.03619 0.01610 0.00000 ( 1)  0.073  0.000
 238 D   0.14063 0.14062 0.14044 0.13920 0.13434 0.12095 0.09414 0.05695 0.02449 0.00825 0.00000 ( 1)  0.056  0.000
 239 G   0.00000 0.00002 0.00047 0.00353 0.01561 0.04920 0.11795 0.21522 0.29213 0.30030 0.00557 (10)  0.526  0.006
 240 T   0.15124 0.15122 0.15093 0.14895 0.14125 0.12076 0.08308 0.03923 0.01114 0.00220 0.00000 ( 1)  0.037  0.000
 241 F   0.14645 0.14644 0.14620 0.14459 0.13831 0.12131 0.08869 0.04732 0.01648 0.00423 0.00000 ( 1)  0.045  0.000
 242 Q   0.15769 0.15767 0.15728 0.15468 0.14465 0.11868 0.07400 0.02871 0.00587 0.00076 0.00000 ( 1)  0.029  0.000
 243 K   0.15953 0.15951 0.15909 0.15628 0.14549 0.11778 0.07114 0.02589 0.00475 0.00054 0.00000 ( 1)  0.027  0.000
 244 W   0.14532 0.14531 0.14508 0.14355 0.13757 0.12132 0.08986 0.04921 0.01791 0.00487 0.00000 ( 1)  0.047  0.000
 245 A   0.00000 0.00000 0.00000 0.00004 0.00069 0.00700 0.04232 0.15599 0.34108 0.44998 0.00290 (10)  0.642  0.003
 246 A   0.00000 0.00000 0.00000 0.00002 0.00034 0.00354 0.02295 0.09743 0.27004 0.48317 0.12251 (10)  1.222  0.123
 247 V   0.15560 0.15558 0.15523 0.15285 0.14363 0.11954 0.07712 0.03203 0.00733 0.00110 0.00000 ( 1)  0.032  0.000
 248 V   0.15560 0.15558 0.15523 0.15285 0.14363 0.11954 0.07712 0.03203 0.00733 0.00110 0.00000 ( 1)  0.032  0.000
 249 V   0.15480 0.15478 0.15444 0.15214 0.14322 0.11982 0.07827 0.03333 0.00796 0.00126 0.00000 ( 1)  0.033  0.000
 250 P   0.11727 0.11726 0.11721 0.11688 0.11554 0.11167 0.10296 0.08746 0.06651 0.04671 0.00053 ( 1)  0.124  0.001
 251 S   0.11538 0.11537 0.11533 0.11504 0.11388 0.11052 0.10290 0.08916 0.07007 0.05135 0.00099 ( 1)  0.133  0.001
 252 G   0.11705 0.11705 0.11700 0.11667 0.11535 0.11155 0.10295 0.08766 0.06691 0.04722 0.00058 ( 1)  0.125  0.001
 253 Q   0.00000 0.00000 0.00000 0.00000 0.00005 0.00153 0.02163 0.13812 0.37701 0.46164 0.00003 (10)  0.649  0.000
 254 E   0.16350 0.16348 0.16298 0.15968 0.14707 0.11534 0.06460 0.02022 0.00289 0.00024 0.00000 ( 1)  0.023  0.000
 255 Q   0.00000 0.00011 0.00226 0.01665 0.06984 0.18890 0.31413 0.27543 0.10948 0.02320 0.00000 ( 7)  0.205  0.000
 256 R   0.12162 0.12162 0.12155 0.12110 0.11929 0.11413 0.10268 0.08305 0.05815 0.03671 0.00011 ( 1)  0.107  0.000
 257 Y   0.15383 0.15381 0.15348 0.15127 0.14270 0.12012 0.07963 0.03492 0.00875 0.00147 0.00000 ( 1)  0.034  0.000
 258 T   0.13210 0.13210 0.13197 0.13115 0.12791 0.11878 0.09955 0.06987 0.03859 0.01798 0.00000 ( 1)  0.076  0.000
 259 C   0.15015 0.15013 0.14985 0.14797 0.14061 0.12096 0.08445 0.04107 0.01224 0.00257 0.00000 ( 1)  0.039  0.000
 260 H   0.13435 0.13435 0.13421 0.13329 0.12967 0.11954 0.09843 0.06665 0.03463 0.01488 0.00000 ( 1)  0.070  0.000
 261 V   0.13530 0.13529 0.13515 0.13419 0.13039 0.11979 0.09784 0.06522 0.03305 0.01379 0.00000 ( 1)  0.068  0.000
 262 Q   0.15769 0.15767 0.15728 0.15468 0.14465 0.11868 0.07400 0.02871 0.00587 0.00076 0.00000 ( 1)  0.029  0.000
 263 H   0.13666 0.13665 0.13650 0.13547 0.13142 0.12015 0.09701 0.06318 0.03078 0.01220 0.00000 ( 1)  0.065  0.000
 264 E   0.16350 0.16348 0.16298 0.15968 0.14707 0.11534 0.06460 0.02022 0.00289 0.00024 0.00000 ( 1)  0.023  0.000
 265 G   0.15142 0.15141 0.15111 0.14912 0.14136 0.12071 0.08283 0.03892 0.01097 0.00215 0.00000 ( 1)  0.037  0.000
 266 L   0.14791 0.14790 0.14765 0.14593 0.13924 0.12121 0.08706 0.04484 0.01474 0.00352 0.00000 ( 1)  0.042  0.000
 267 P   0.15221 0.15219 0.15189 0.14982 0.14180 0.12055 0.08182 0.03761 0.01021 0.00191 0.00000 ( 1)  0.036  0.000
 268 K   0.00000 0.00000 0.00001 0.00030 0.00557 0.04900 0.20995 0.38829 0.26720 0.07967 0.00000 ( 8)  0.351  0.000
 269 P   0.15138 0.15137 0.15107 0.14908 0.14134 0.12073 0.08288 0.03899 0.01100 0.00216 0.00000 ( 1)  0.037  0.000
 270 L   0.14973 0.14972 0.14944 0.14759 0.14036 0.12102 0.08495 0.04177 0.01269 0.00273 0.00000 ( 1)  0.040  0.000

Positively selected sites

	Prob(w>1)  mean w

     9 F      1.000**       5.079
    24 A      0.999**       5.074
    45 M      1.000**       5.079
    62 G      0.937         4.814
    63 E      1.000**       5.079
    67 V      1.000**       5.079
    69 A      0.986*        5.019
    70 H      1.000**       5.079
    71 S      1.000**       5.079
    73 T      0.620         3.440
    77 D      1.000**       5.079
    80 T      1.000**       5.079
    81 L      1.000**       5.079
    82 R      0.992**       5.047
    83 G      0.863         4.504
    94 T      0.992**       5.048
    95 V      1.000**       5.079
    97 R      1.000**       5.079
    99 Y      0.978*        4.988
   113 Y      0.994**       5.053
   114 H      1.000**       5.079
   116 Y      1.000**       5.079
   151 H      1.000**       5.078
   152 E      1.000**       5.079
   156 Q      1.000**       5.079
   163 T      1.000**       5.079
   167 W      1.000**       5.078


lnL = -7238.014961

Bayes Empirical Bayes (BEB) probabilities for 11 classes (class) & postmean_w
(amino acids refer to 1st sequence: a2)

   1 G   0.93266 0.03986 0.01453 0.00635 0.00305 0.00155 0.00084 0.00048 0.00031 0.00036 0.00000 ( 1)  0.062 +-  0.057
   2 S   0.90930 0.04572 0.01961 0.01008 0.00568 0.00341 0.00216 0.00146 0.00110 0.00149 0.00000 ( 1)  0.070 +-  0.083
   3 H   0.79301 0.09186 0.05046 0.02792 0.01555 0.00877 0.00506 0.00304 0.00199 0.00233 0.00000 ( 1)  0.097 +-  0.120
   4 S   0.65191 0.09801 0.06984 0.05009 0.03615 0.02641 0.01972 0.01531 0.01298 0.01958 0.00000 ( 1)  0.167 +-  0.214
   5 M   0.92432 0.04225 0.01648 0.00770 0.00394 0.00215 0.00124 0.00076 0.00052 0.00064 0.00000 ( 1)  0.065 +-  0.066
   6 R   0.92308 0.04257 0.01675 0.00790 0.00408 0.00225 0.00131 0.00081 0.00056 0.00070 0.00000 ( 1)  0.065 +-  0.068
   7 Y   0.80277 0.05500 0.03214 0.02250 0.01726 0.01409 0.01216 0.01118 0.01141 0.02104 0.00046 ( 1)  0.128 +-  0.225
   8 F   0.63333 0.09750 0.07114 0.05224 0.03860 0.02887 0.02206 0.01754 0.01522 0.02349 0.00000 ( 1)  0.178 +-  0.225
   9 F   0.00000 0.00000 0.00000 0.00000 0.00000 0.00000 0.00000 0.00000 0.00000 0.00001 0.99999 (11)  5.365 +-  0.342
  10 T   0.90380 0.04677 0.02065 0.01092 0.00633 0.00391 0.00255 0.00177 0.00137 0.00192 0.00000 ( 1)  0.072 +-  0.089
  11 S   0.00000 0.00000 0.00001 0.00022 0.00145 0.00628 0.02050 0.05605 0.14207 0.55722 0.21618 (10)  1.807 +-  1.733
  12 V   0.00000 0.00002 0.00042 0.00282 0.01055 0.02800 0.05994 0.11277 0.20367 0.58113 0.00069 (10)  0.873 +-  0.154
  13 S   0.90994 0.04559 0.01949 0.00998 0.00560 0.00335 0.00212 0.00142 0.00107 0.00144 0.00000 ( 1)  0.070 +-  0.082
  14 R   0.68809 0.09828 0.06654 0.04536 0.03112 0.02162 0.01535 0.01134 0.00915 0.01313 0.00000 ( 1)  0.146 +-  0.191
  15 P   0.91954 0.04345 0.01752 0.00847 0.00448 0.00253 0.00151 0.00096 0.00068 0.00086 0.00000 ( 1)  0.066 +-  0.072
  16 G   0.31734 0.12318 0.12595 0.10893 0.08709 0.06703 0.05099 0.03941 0.03266 0.04740 0.00000 ( 1)  0.316 +-  0.271
  17 R   0.25000 0.10522 0.11664 0.10934 0.09474 0.07900 0.06509 0.05447 0.04886 0.07664 0.00000 ( 1)  0.379 +-  0.292
  18 G   0.93431 0.03934 0.01414 0.00609 0.00288 0.00145 0.00077 0.00044 0.00028 0.00031 0.00000 ( 1)  0.062 +-  0.056
  19 E   0.81404 0.08870 0.04585 0.02388 0.01253 0.00666 0.00362 0.00205 0.00127 0.00140 0.00000 ( 1)  0.089 +-  0.106
  20 P   0.91954 0.04345 0.01752 0.00847 0.00448 0.00253 0.00151 0.00096 0.00068 0.00086 0.00000 ( 1)  0.066 +-  0.072
  21 R   0.26278 0.10891 0.11888 0.10973 0.09361 0.07686 0.06235 0.05138 0.04538 0.07011 0.00000 ( 1)  0.366 +-  0.289
  22 F   0.90570 0.04643 0.02030 0.01064 0.00611 0.00373 0.00241 0.00166 0.00127 0.00176 0.00000 ( 1)  0.071 +-  0.087
  23 I   0.91618 0.04425 0.01823 0.00900 0.00487 0.00281 0.00171 0.00111 0.00080 0.00104 0.00000 ( 1)  0.068 +-  0.075
  24 A   0.00000 0.00000 0.00000 0.00000 0.00000 0.00001 0.00002 0.00007 0.00020 0.00099 0.99872 (11)  5.359 +-  0.377
  25 V   0.93032 0.04057 0.01509 0.00673 0.00329 0.00171 0.00094 0.00055 0.00036 0.00043 0.00000 ( 1)  0.063 +-  0.060
  26 G   0.93266 0.03986 0.01453 0.00635 0.00305 0.00155 0.00084 0.00048 0.00031 0.00036 0.00000 ( 1)  0.062 +-  0.057
  27 Y   0.92591 0.04182 0.01611 0.00744 0.00377 0.00203 0.00116 0.00070 0.00047 0.00058 0.00000 ( 1)  0.064 +-  0.065
  28 V   0.93032 0.04057 0.01509 0.00673 0.00329 0.00171 0.00094 0.00055 0.00036 0.00043 0.00000 ( 1)  0.063 +-  0.060
  29 D   0.95040 0.03341 0.01003 0.00361 0.00143 0.00060 0.00027 0.00013 0.00007 0.00006 0.00000 ( 1)  0.058 +-  0.040
  30 D   0.82203 0.08730 0.04398 0.02233 0.01142 0.00591 0.00313 0.00173 0.00104 0.00112 0.00000 ( 1)  0.087 +-  0.101
  31 T   0.70067 0.09816 0.06518 0.04357 0.02931 0.01997 0.01390 0.01007 0.00796 0.01121 0.00000 ( 1)  0.139 +-  0.182
  32 Q   0.00469 0.01634 0.04629 0.07828 0.10318 0.11828 0.12527 0.12842 0.13600 0.24324 0.00000 (10)  0.678 +-  0.231
  33 F   0.90570 0.04643 0.02030 0.01064 0.00611 0.00373 0.00241 0.00166 0.00127 0.00176 0.00000 ( 1)  0.071 +-  0.087
  34 V   0.93032 0.04057 0.01509 0.00673 0.00329 0.00171 0.00094 0.00055 0.00036 0.00043 0.00000 ( 1)  0.063 +-  0.060
  35 R   0.70096 0.09807 0.06506 0.04348 0.02925 0.01994 0.01389 0.01008 0.00799 0.01128 0.00000 ( 1)  0.139 +-  0.183
  36 F   0.90394 0.04675 0.02063 0.01090 0.00632 0.00390 0.00254 0.00176 0.00136 0.00190 0.00000 ( 1)  0.072 +-  0.089
  37 D   0.95040 0.03341 0.01003 0.00361 0.00143 0.00060 0.00027 0.00013 0.00007 0.00006 0.00000 ( 1)  0.058 +-  0.040
  38 S   0.92900 0.04096 0.01541 0.00695 0.00343 0.00181 0.00100 0.00060 0.00039 0.00047 0.00000 ( 1)  0.063 +-  0.061
  39 D   0.95040 0.03341 0.01003 0.00361 0.00143 0.00060 0.00027 0.00013 0.00007 0.00006 0.00000 ( 1)  0.058 +-  0.040
  40 A   0.73170 0.09714 0.06115 0.03876 0.02473 0.01598 0.01056 0.00726 0.00545 0.00729 0.00000 ( 1)  0.124 +-  0.162
  41 A   0.00000 0.00012 0.00163 0.00768 0.02179 0.04620 0.08175 0.13025 0.20291 0.50761 0.00006 (10)  0.844 +-  0.144
  42 S   0.87341 0.05101 0.02542 0.01518 0.00994 0.00692 0.00510 0.00401 0.00350 0.00551 0.00000 ( 1)  0.086 +-  0.124
  43 Q   0.71866 0.09768 0.06294 0.04084 0.02667 0.01764 0.01192 0.00839 0.00644 0.00881 0.00000 ( 1)  0.130 +-  0.171
  44 R   0.61077 0.09649 0.07228 0.05451 0.04139 0.03182 0.02501 0.02045 0.01826 0.02901 0.00000 ( 1)  0.193 +-  0.239
  45 M   0.00000 0.00000 0.00000 0.00000 0.00000 0.00000 0.00000 0.00000 0.00000 0.00000 1.00000 (11)  5.365 +-  0.342
  46 E   0.00000 0.00027 0.00323 0.01352 0.03415 0.06438 0.10128 0.14337 0.19838 0.44142 0.00000 (10)  0.818 +-  0.157
  47 P   0.92237 0.04275 0.01690 0.00801 0.00416 0.00230 0.00135 0.00084 0.00058 0.00073 0.00000 ( 1)  0.065 +-  0.068
  48 R   0.91856 0.04369 0.01773 0.00862 0.00460 0.00261 0.00157 0.00100 0.00071 0.00092 0.00000 ( 1)  0.067 +-  0.073
  49 A   0.74583 0.09635 0.05902 0.03641 0.02261 0.01422 0.00914 0.00612 0.00447 0.00582 0.00000 ( 1)  0.117 +-  0.152
  50 P   0.89886 0.04762 0.02153 0.01166 0.00692 0.00438 0.00293 0.00208 0.00165 0.00236 0.00000 ( 1)  0.074 +-  0.095
  51 W   0.90233 0.04704 0.02092 0.01115 0.00651 0.00405 0.00266 0.00186 0.00145 0.00204 0.00000 ( 1)  0.073 +-  0.091
  52 I   0.00489 0.00471 0.01074 0.01935 0.03066 0.04505 0.06357 0.08901 0.13098 0.32987 0.27118 (10)  2.006 +-  2.000
  53 E   0.94794 0.03443 0.01068 0.00397 0.00162 0.00070 0.00032 0.00016 0.00009 0.00009 0.00000 ( 1)  0.058 +-  0.043
  54 Q   0.75908 0.09540 0.05685 0.03412 0.02061 0.01261 0.00789 0.00514 0.00366 0.00463 0.00000 ( 1)  0.111 +-  0.143
  55 E   0.81358 0.08878 0.04596 0.02397 0.01259 0.00670 0.00365 0.00207 0.00128 0.00142 0.00000 ( 1)  0.090 +-  0.106
  56 G   0.05915 0.06662 0.10982 0.12864 0.12792 0.11640 0.10121 0.08729 0.07923 0.12373 0.00000 ( 4)  0.523 +-  0.269
  57 P   0.92264 0.04268 0.01685 0.00797 0.00413 0.00228 0.00133 0.00083 0.00057 0.00072 0.00000 ( 1)  0.065 +-  0.068
  58 E   0.80664 0.08988 0.04751 0.02531 0.01358 0.00738 0.00411 0.00238 0.00151 0.00170 0.00000 ( 1)  0.092 +-  0.111
  59 Y   0.80277 0.05500 0.03214 0.02250 0.01726 0.01409 0.01216 0.01118 0.01141 0.02104 0.00046 ( 1)  0.128 +-  0.225
  60 W   0.90233 0.04704 0.02092 0.01115 0.00651 0.00405 0.00266 0.00186 0.00145 0.00204 0.00000 ( 1)  0.073 +-  0.091
  61 D   0.82415 0.08691 0.04347 0.02191 0.01112 0.00572 0.00301 0.00165 0.00099 0.00106 0.00000 ( 1)  0.086 +-  0.099
  62 G   0.00000 0.00000 0.00000 0.00000 0.00003 0.00022 0.00116 0.00473 0.01703 0.09270 0.88413 (11)  4.837 +-  1.456
  63 E   0.00000 0.00000 0.00000 0.00000 0.00000 0.00000 0.00000 0.00000 0.00000 0.00000 1.00000 (11)  5.365 +-  0.342
  64 T   0.27626 0.05808 0.05787 0.05802 0.05853 0.05974 0.06228 0.06752 0.07982 0.16691 0.05496 ( 1)  0.722 +-  1.148
  65 R   0.00002 0.00067 0.00533 0.01786 0.03937 0.06820 0.10198 0.14065 0.19314 0.43278 0.00001 (10)  0.810 +-  0.166
  66 K   0.00000 0.00001 0.00016 0.00126 0.00541 0.01651 0.04066 0.08794 0.18252 0.59946 0.06606 (10)  1.153 +-  1.009
  67 V   0.00000 0.00000 0.00000 0.00000 0.00000 0.00000 0.00000 0.00000 0.00000 0.00000 1.00000 (11)  5.365 +-  0.342
  68 K   0.77898 0.09354 0.05326 0.03054 0.01763 0.01031 0.00616 0.00383 0.00260 0.00315 0.00000 ( 1)  0.103 +-  0.129
  69 A   0.00000 0.00000 0.00000 0.00000 0.00000 0.00003 0.00021 0.00096 0.00389 0.02357 0.97133 (11)  5.234 +-  0.815
  70 H   0.00000 0.00000 0.00000 0.00000 0.00000 0.00000 0.00000 0.00000 0.00000 0.00000 1.00000 (11)  5.365 +-  0.342
  71 S   0.00000 0.00000 0.00000 0.00000 0.00000 0.00000 0.00000 0.00000 0.00000 0.00000 1.00000 (11)  5.365 +-  0.342
  72 Q   0.93529 0.03903 0.01390 0.00593 0.00278 0.00138 0.00073 0.00041 0.00026 0.00029 0.00000 ( 1)  0.061 +-  0.055
  73 T   0.00070 0.00131 0.00359 0.00697 0.01148 0.01729 0.02488 0.03549 0.05328 0.13823 0.70676 (11)  4.015 +-  2.089
  74 H   0.00000 0.00000 0.00002 0.00034 0.00237 0.01020 0.03202 0.08224 0.19216 0.67875 0.00189 (10)  0.906 +-  0.184
  75 R   0.77295 0.05517 0.03359 0.02450 0.01958 0.01666 0.01497 0.01434 0.01526 0.02929 0.00368 ( 1)  0.162 +-  0.380
  76 V   0.00000 0.00000 0.00000 0.00005 0.00055 0.00354 0.01565 0.05388 0.16285 0.72430 0.03919 (10)  1.062 +-  0.734
  77 D   0.00000 0.00000 0.00000 0.00000 0.00000 0.00000 0.00000 0.00000 0.00000 0.00000 1.00000 (11)  5.365 +-  0.342
  78 L   0.91024 0.04553 0.01943 0.00993 0.00557 0.00332 0.00210 0.00141 0.00105 0.00142 0.00000 ( 1)  0.070 +-  0.082
  79 G   0.00306 0.01140 0.03452 0.06239 0.08787 0.10763 0.12176 0.13330 0.15072 0.28734 0.00000 (10)  0.711 +-  0.222
  80 T   0.00000 0.00000 0.00000 0.00000 0.00000 0.00000 0.00000 0.00000 0.00000 0.00000 1.00000 (11)  5.365 +-  0.342
  81 L   0.00000 0.00000 0.00000 0.00000 0.00000 0.00000 0.00000 0.00000 0.00000 0.00000 1.00000 (11)  5.365 +-  0.342
  82 R   0.00000 0.00000 0.00000 0.00000 0.00000 0.00002 0.00010 0.00049 0.00200 0.01234 0.98505 (11)  5.297 +-  0.637
  83 G   0.00000 0.00000 0.00000 0.00000 0.00004 0.00037 0.00216 0.00952 0.03620 0.20466 0.74704 (11)  4.211 +-  1.941
  84 Y   0.92591 0.04182 0.01611 0.00744 0.00377 0.00203 0.00116 0.00070 0.00047 0.00058 0.00000 ( 1)  0.064 +-  0.065
  85 Y   0.92591 0.04182 0.01611 0.00744 0.00377 0.00203 0.00116 0.00070 0.00047 0.00058 0.00000 ( 1)  0.064 +-  0.065
  86 N   0.94256 0.03652 0.01208 0.00479 0.00208 0.00096 0.00047 0.00025 0.00014 0.00015 0.00000 ( 1)  0.060 +-  0.048
  87 Q   0.93529 0.03903 0.01390 0.00593 0.00278 0.00138 0.00073 0.00041 0.00026 0.00029 0.00000 ( 1)  0.061 +-  0.055
  88 S   0.92900 0.04096 0.01541 0.00695 0.00343 0.00181 0.00100 0.00060 0.00039 0.00047 0.00000 ( 1)  0.063 +-  0.061
  89 E   0.94794 0.03443 0.01068 0.00397 0.00162 0.00070 0.00032 0.00016 0.00009 0.00009 0.00000 ( 1)  0.058 +-  0.043
  90 A   0.00416 0.01477 0.04265 0.07349 0.09872 0.11534 0.12450 0.13008 0.14041 0.25587 0.00000 (10)  0.688 +-  0.229
  91 G   0.69347 0.09823 0.06596 0.04460 0.03035 0.02091 0.01473 0.01080 0.00864 0.01231 0.00000 ( 1)  0.143 +-  0.187
  92 S   0.78769 0.05519 0.03298 0.02361 0.01852 0.01547 0.01365 0.01283 0.01340 0.02525 0.00143 ( 1)  0.142 +-  0.284
  93 H   0.94291 0.03639 0.01198 0.00473 0.00205 0.00095 0.00046 0.00024 0.00014 0.00015 0.00000 ( 1)  0.059 +-  0.047
  94 T   0.00000 0.00000 0.00000 0.00000 0.00000 0.00002 0.00011 0.00048 0.00184 0.01057 0.98698 (11)  5.306 +-  0.608
  95 V   0.00000 0.00000 0.00000 0.00000 0.00000 0.00000 0.00000 0.00000 0.00000 0.00000 1.00000 (11)  5.365 +-  0.342
  96 Q   0.93529 0.03903 0.01390 0.00593 0.00278 0.00138 0.00073 0.00041 0.00026 0.00029 0.00000 ( 1)  0.061 +-  0.055
  97 R   0.00000 0.00000 0.00000 0.00000 0.00000 0.00000 0.00000 0.00000 0.00000 0.00000 1.00000 (11)  5.365 +-  0.342
  98 M   0.92432 0.04225 0.01648 0.00770 0.00394 0.00215 0.00124 0.00076 0.00052 0.00064 0.00000 ( 1)  0.065 +-  0.066
  99 Y   0.00000 0.00000 0.00000 0.00002 0.00009 0.00028 0.00072 0.00165 0.00372 0.01382 0.97970 (11)  5.273 +-  0.716
 100 G   0.93266 0.03986 0.01453 0.00635 0.00305 0.00155 0.00084 0.00048 0.00031 0.00036 0.00000 ( 1)  0.062 +-  0.057
 101 C   0.91622 0.04424 0.01822 0.00900 0.00487 0.00280 0.00171 0.00111 0.00080 0.00104 0.00000 ( 1)  0.067 +-  0.075
 102 D   0.47709 0.15140 0.12662 0.08963 0.05868 0.03700 0.02308 0.01464 0.00996 0.01190 0.00000 ( 1)  0.202 +-  0.204
 103 V   0.00000 0.00000 0.00011 0.00109 0.00528 0.01724 0.04393 0.09600 0.19778 0.63402 0.00455 (10)  0.904 +-  0.275
 104 G   0.93619 0.03873 0.01368 0.00579 0.00269 0.00133 0.00069 0.00039 0.00024 0.00027 0.00000 ( 1)  0.061 +-  0.054
 105 S   0.00001 0.00036 0.00315 0.01160 0.02804 0.05324 0.08728 0.13188 0.19834 0.48587 0.00023 (10)  0.834 +-  0.162
 106 D   0.47773 0.15147 0.12657 0.08951 0.05855 0.03689 0.02299 0.01457 0.00990 0.01182 0.00000 ( 1)  0.202 +-  0.204
 107 W   0.06015 0.06751 0.11090 0.12943 0.12825 0.11628 0.10075 0.08657 0.07830 0.12184 0.00000 ( 4)  0.521 +-  0.269
 108 R   0.92261 0.04269 0.01685 0.00797 0.00413 0.00228 0.00133 0.00083 0.00057 0.00072 0.00000 ( 1)  0.065 +-  0.068
 109 F   0.00192 0.00767 0.02489 0.04821 0.07277 0.09548 0.11566 0.13555 0.16397 0.33386 0.00002 (10)  0.743 +-  0.211
 110 L   0.91506 0.04450 0.01846 0.00918 0.00500 0.00290 0.00178 0.00116 0.00084 0.00111 0.00000 ( 1)  0.068 +-  0.077
 111 R   0.92261 0.04269 0.01685 0.00797 0.00413 0.00228 0.00133 0.00083 0.00057 0.00072 0.00000 ( 1)  0.065 +-  0.068
 112 G   0.93619 0.03873 0.01368 0.00579 0.00269 0.00133 0.00069 0.00039 0.00024 0.00027 0.00000 ( 1)  0.061 +-  0.054
 113 Y   0.00000 0.00000 0.00000 0.00000 0.00001 0.00003 0.00013 0.00040 0.00120 0.00563 0.99260 (11)  5.331 +-  0.512
 114 H   0.00000 0.00000 0.00000 0.00000 0.00000 0.00000 0.00000 0.00000 0.00000 0.00000 1.00000 (11)  5.365 +-  0.342
 115 Q   0.93529 0.03903 0.01390 0.00593 0.00278 0.00138 0.00073 0.00041 0.00026 0.00029 0.00000 ( 1)  0.061 +-  0.055
 116 Y   0.00000 0.00000 0.00000 0.00000 0.00000 0.00000 0.00000 0.00000 0.00000 0.00000 1.00000 (11)  5.365 +-  0.342
 117 A   0.92646 0.04166 0.01599 0.00735 0.00371 0.00199 0.00113 0.00068 0.00046 0.00056 0.00000 ( 1)  0.064 +-  0.064
 118 Y   0.92591 0.04182 0.01611 0.00744 0.00377 0.00203 0.00116 0.00070 0.00047 0.00058 0.00000 ( 1)  0.064 +-  0.065
 119 D   0.95040 0.03341 0.01003 0.00361 0.00143 0.00060 0.00027 0.00013 0.00007 0.00006 0.00000 ( 1)  0.058 +-  0.040
 120 G   0.93266 0.03986 0.01453 0.00635 0.00305 0.00155 0.00084 0.00048 0.00031 0.00036 0.00000 ( 1)  0.062 +-  0.057
 121 K   0.93802 0.03812 0.01322 0.00550 0.00251 0.00122 0.00063 0.00034 0.00021 0.00023 0.00000 ( 1)  0.061 +-  0.052
 122 D   0.88151 0.05012 0.02430 0.01412 0.00899 0.00609 0.00437 0.00333 0.00283 0.00433 0.00000 ( 1)  0.082 +-  0.115
 123 Y   0.92591 0.04182 0.01611 0.00744 0.00377 0.00203 0.00116 0.00070 0.00047 0.00058 0.00000 ( 1)  0.064 +-  0.065
 124 I   0.91797 0.04384 0.01786 0.00872 0.00466 0.00266 0.00160 0.00103 0.00073 0.00094 0.00000 ( 1)  0.067 +-  0.073
 125 A   0.92852 0.04108 0.01551 0.00702 0.00348 0.00184 0.00103 0.00061 0.00041 0.00049 0.00000 ( 1)  0.063 +-  0.062
 126 L   0.90883 0.04581 0.01970 0.01015 0.00573 0.00345 0.00219 0.00149 0.00112 0.00152 0.00000 ( 1)  0.070 +-  0.084
 127 K   0.39060 0.13879 0.12990 0.10286 0.07530 0.05307 0.03697 0.02618 0.01987 0.02646 0.00000 ( 1)  0.258 +-  0.242
 128 E   0.94790 0.03444 0.01069 0.00398 0.00162 0.00071 0.00033 0.00016 0.00009 0.00009 0.00000 ( 1)  0.058 +-  0.043
 129 D   0.94821 0.03432 0.01061 0.00393 0.00160 0.00069 0.00032 0.00016 0.00008 0.00008 0.00000 ( 1)  0.058 +-  0.042
 130 L   0.91024 0.04553 0.01943 0.00993 0.00557 0.00332 0.00210 0.00141 0.00105 0.00142 0.00000 ( 1)  0.070 +-  0.082
 131 R   0.00024 0.00265 0.01320 0.03289 0.05866 0.08646 0.11378 0.14144 0.17825 0.37242 0.00001 (10)  0.775 +-  0.189
 132 S   0.89100 0.04886 0.02285 0.01281 0.00786 0.00514 0.00355 0.00262 0.00214 0.00317 0.00000 ( 1)  0.078 +-  0.104
 133 W   0.90233 0.04704 0.02092 0.01115 0.00651 0.00405 0.00266 0.00186 0.00145 0.00204 0.00000 ( 1)  0.073 +-  0.091
 134 T   0.91915 0.04355 0.01760 0.00853 0.00453 0.00256 0.00153 0.00097 0.00069 0.00088 0.00000 ( 1)  0.066 +-  0.072
 135 A   0.93118 0.04031 0.01489 0.00659 0.00320 0.00166 0.00090 0.00053 0.00034 0.00040 0.00000 ( 1)  0.063 +-  0.059
 136 A   0.93216 0.04001 0.01465 0.00644 0.00310 0.00159 0.00086 0.00050 0.00032 0.00037 0.00000 ( 1)  0.062 +-  0.058
 137 D   0.82361 0.08701 0.04361 0.02202 0.01120 0.00577 0.00304 0.00167 0.00100 0.00107 0.00000 ( 1)  0.086 +-  0.100
 138 M   0.70234 0.09813 0.06499 0.04333 0.02907 0.01975 0.01371 0.00990 0.00781 0.01096 0.00000 ( 1)  0.139 +-  0.181
 139 A   0.93031 0.04056 0.01509 0.00673 0.00329 0.00172 0.00094 0.00055 0.00036 0.00043 0.00000 ( 1)  0.063 +-  0.060
 140 A   0.80553 0.05494 0.03196 0.02227 0.01701 0.01383 0.01188 0.01087 0.01105 0.02029 0.00038 ( 1)  0.126 +-  0.217
 141 Q   0.93529 0.03903 0.01390 0.00593 0.00278 0.00138 0.00073 0.00041 0.00026 0.00029 0.00000 ( 1)  0.061 +-  0.055
 142 T   0.68586 0.09833 0.06681 0.04569 0.03145 0.02191 0.01560 0.01156 0.00934 0.01345 0.00000 ( 1)  0.147 +-  0.192
 143 T   0.00249 0.00957 0.02991 0.05576 0.08101 0.10232 0.11934 0.13467 0.15691 0.30801 0.00000 (10)  0.726 +-  0.217
 144 K   0.00546 0.01856 0.05131 0.08466 0.10889 0.12181 0.12589 0.12594 0.13017 0.22732 0.00000 (10)  0.664 +-  0.234
 145 H   0.03511 0.04384 0.08012 0.10399 0.11455 0.11543 0.11111 0.10603 0.10644 0.18337 0.00000 (10)  0.596 +-  0.265
 146 K   0.93949 0.03762 0.01286 0.00527 0.00237 0.00113 0.00057 0.00031 0.00019 0.00020 0.00000 ( 1)  0.060 +-  0.051
 147 W   0.01746 0.02458 0.05064 0.07408 0.09195 0.10437 0.11312 0.12151 0.13720 0.26508 0.00002 (10)  0.675 +-  0.249
 148 E   0.94794 0.03443 0.01068 0.00397 0.00162 0.00070 0.00032 0.00016 0.00009 0.00009 0.00000 ( 1)  0.058 +-  0.043
 149 A   0.74587 0.09635 0.05901 0.03640 0.02260 0.01421 0.00914 0.00612 0.00447 0.00582 0.00000 ( 1)  0.117 +-  0.152
 150 A   0.73106 0.09717 0.06124 0.03886 0.02482 0.01606 0.01062 0.00731 0.00550 0.00736 0.00000 ( 1)  0.124 +-  0.162
 151 H   0.00000 0.00000 0.00000 0.00000 0.00000 0.00000 0.00000 0.00001 0.00003 0.00015 0.99980 (11)  5.364 +-  0.347
 152 E   0.00000 0.00000 0.00000 0.00000 0.00000 0.00000 0.00000 0.00000 0.00000 0.00000 1.00000 (11)  5.365 +-  0.342
 153 A   0.93216 0.04001 0.01465 0.00644 0.00310 0.00159 0.00086 0.00050 0.00032 0.00037 0.00000 ( 1)  0.062 +-  0.058
 154 E   0.94794 0.03443 0.01068 0.00397 0.00162 0.00070 0.00032 0.00016 0.00009 0.00009 0.00000 ( 1)  0.058 +-  0.043
 155 Q   0.76093 0.09525 0.05654 0.03379 0.02034 0.01239 0.00772 0.00501 0.00355 0.00448 0.00000 ( 1)  0.110 +-  0.142
 156 Q   0.00000 0.00000 0.00000 0.00000 0.00000 0.00000 0.00000 0.00000 0.00000 0.00000 1.00000 (11)  5.365 +-  0.342
 157 R   0.81572 0.05468 0.03126 0.02141 0.01607 0.01284 0.01084 0.00975 0.00974 0.01756 0.00015 ( 1)  0.119 +-  0.195
 158 A   0.04331 0.05196 0.09124 0.11382 0.12053 0.11679 0.10812 0.09925 0.09587 0.15911 0.00000 (10)  0.568 +-  0.268
 159 Y   0.92591 0.04182 0.01611 0.00744 0.00377 0.00203 0.00116 0.00070 0.00047 0.00058 0.00000 ( 1)  0.064 +-  0.065
 160 L   0.90991 0.04559 0.01949 0.00999 0.00561 0.00335 0.00212 0.00143 0.00107 0.00145 0.00000 ( 1)  0.070 +-  0.082
 161 E   0.81265 0.08893 0.04617 0.02415 0.01272 0.00679 0.00371 0.00211 0.00131 0.00145 0.00000 ( 1)  0.090 +-  0.107
 162 G   0.74987 0.09610 0.05838 0.03572 0.02200 0.01372 0.00875 0.00581 0.00421 0.00543 0.00000 ( 1)  0.115 +-  0.149
 163 T   0.00000 0.00000 0.00000 0.00000 0.00000 0.00000 0.00000 0.00000 0.00000 0.00000 1.00000 (11)  5.365 +-  0.342
 164 C   0.91622 0.04424 0.01822 0.00900 0.00487 0.00280 0.00171 0.00111 0.00080 0.00104 0.00000 ( 1)  0.067 +-  0.075
 165 V   0.93032 0.04057 0.01509 0.00673 0.00329 0.00171 0.00094 0.00055 0.00036 0.00043 0.00000 ( 1)  0.063 +-  0.060
 166 E   0.00008 0.00208 0.01379 0.03860 0.07108 0.10292 0.12876 0.14869 0.17117 0.32283 0.00000 (10)  0.753 +-  0.192
 167 W   0.00000 0.00000 0.00000 0.00000 0.00000 0.00000 0.00000 0.00001 0.00005 0.00032 0.99962 (11)  5.363 +-  0.352
 168 L   0.21916 0.09586 0.11041 0.10753 0.09678 0.08382 0.07171 0.06232 0.05802 0.09438 0.00000 ( 1)  0.413 +-  0.300
 169 R   0.92261 0.04269 0.01685 0.00797 0.00413 0.00228 0.00133 0.00083 0.00057 0.00072 0.00000 ( 1)  0.065 +-  0.068
 170 R   0.81581 0.05467 0.03125 0.02140 0.01606 0.01283 0.01083 0.00974 0.00973 0.01754 0.00015 ( 1)  0.119 +-  0.195
 171 Y   0.00000 0.00010 0.00137 0.00663 0.01940 0.04237 0.07723 0.12671 0.20319 0.52284 0.00014 (10)  0.850 +-  0.144
 172 L   0.91024 0.04553 0.01943 0.00993 0.00557 0.00332 0.00210 0.00141 0.00105 0.00142 0.00000 ( 1)  0.070 +-  0.082
 173 E   0.81121 0.08916 0.04649 0.02443 0.01293 0.00693 0.00381 0.00217 0.00136 0.00151 0.00000 ( 1)  0.090 +-  0.108
 174 N   0.94145 0.03692 0.01236 0.00496 0.00218 0.00102 0.00051 0.00027 0.00016 0.00017 0.00000 ( 1)  0.060 +-  0.049
 175 G   0.76478 0.09493 0.05586 0.03311 0.01976 0.01194 0.00738 0.00474 0.00333 0.00417 0.00000 ( 1)  0.109 +-  0.139
 176 K   0.93949 0.03762 0.01286 0.00527 0.00237 0.00113 0.00057 0.00031 0.00019 0.00020 0.00000 ( 1)  0.060 +-  0.051
 177 E   0.10637 0.10418 0.14942 0.15234 0.13194 0.10463 0.07934 0.05971 0.04733 0.06475 0.00000 ( 4)  0.427 +-  0.258
 178 T   0.26451 0.10940 0.11917 0.10977 0.09345 0.07657 0.06199 0.05097 0.04492 0.06926 0.00000 ( 1)  0.365 +-  0.288
 179 L   0.91024 0.04553 0.01943 0.00993 0.00557 0.00332 0.00210 0.00141 0.00105 0.00142 0.00000 ( 1)  0.070 +-  0.082
 180 Q   0.06139 0.06859 0.11218 0.13036 0.12861 0.11611 0.10017 0.08572 0.07721 0.11967 0.00000 ( 4)  0.517 +-  0.269
 181 R   0.70596 0.09805 0.06455 0.04278 0.02854 0.01928 0.01331 0.00956 0.00750 0.01047 0.00000 ( 1)  0.137 +-  0.179
 182 T   0.28937 0.11614 0.12278 0.10978 0.09073 0.07218 0.05675 0.04532 0.03881 0.05816 0.00000 ( 1)  0.341 +-  0.280
 183 D   0.81352 0.08879 0.04597 0.02398 0.01260 0.00671 0.00365 0.00207 0.00129 0.00142 0.00000 ( 1)  0.090 +-  0.106
 184 A   0.03344 0.04213 0.07765 0.10168 0.11301 0.11490 0.11160 0.10747 0.10887 0.18924 0.00000 (10)  0.603 +-  0.265
 185 P   0.84548 0.05331 0.02867 0.01848 0.01305 0.00981 0.00780 0.00660 0.00621 0.01056 0.00001 ( 1)  0.101 +-  0.155
 186 K   0.77673 0.09377 0.05368 0.03095 0.01797 0.01056 0.00635 0.00398 0.00272 0.00331 0.00000 ( 1)  0.104 +-  0.131
 187 T   0.81713 0.05463 0.03115 0.02128 0.01593 0.01269 0.01069 0.00959 0.00956 0.01721 0.00014 ( 1)  0.118 +-  0.193
 188 H   0.91347 0.04481 0.01876 0.00942 0.00519 0.00305 0.00189 0.00125 0.00092 0.00123 0.00000 ( 1)  0.069 +-  0.079
 189 M   0.73202 0.09716 0.06113 0.03872 0.02468 0.01593 0.01051 0.00722 0.00541 0.00722 0.00000 ( 1)  0.124 +-  0.161
 190 T   0.91211 0.04514 0.01906 0.00964 0.00535 0.00316 0.00197 0.00131 0.00097 0.00129 0.00000 ( 1)  0.069 +-  0.080
 191 H   0.94291 0.03639 0.01198 0.00473 0.00205 0.00095 0.00046 0.00024 0.00014 0.00015 0.00000 ( 1)  0.059 +-  0.047
 192 H   0.94049 0.03726 0.01260 0.00511 0.00227 0.00108 0.00054 0.00029 0.00017 0.00018 0.00000 ( 1)  0.060 +-  0.050
 193 A   0.66417 0.09820 0.06882 0.04855 0.03448 0.02478 0.01821 0.01392 0.01162 0.01725 0.00000 ( 1)  0.160 +-  0.206
 194 V   0.00000 0.00007 0.00102 0.00521 0.01599 0.03663 0.07006 0.12057 0.20279 0.54686 0.00080 (10)  0.861 +-  0.169
 195 S   0.78769 0.05519 0.03298 0.02361 0.01852 0.01547 0.01365 0.01283 0.01340 0.02525 0.00143 ( 1)  0.142 +-  0.284
 196 D   0.95040 0.03341 0.01003 0.00361 0.00143 0.00060 0.00027 0.00013 0.00007 0.00006 0.00000 ( 1)  0.058 +-  0.040
 197 H   0.86598 0.05177 0.02639 0.01612 0.01079 0.00769 0.00579 0.00465 0.00414 0.00667 0.00000 ( 1)  0.090 +-  0.132
 198 E   0.94752 0.03460 0.01079 0.00404 0.00166 0.00072 0.00034 0.00017 0.00009 0.00009 0.00000 ( 1)  0.058 +-  0.043
 199 A   0.29321 0.11713 0.12325 0.10969 0.09025 0.07148 0.05595 0.04449 0.03793 0.05662 0.00000 ( 1)  0.337 +-  0.279
 200 T   0.91713 0.04403 0.01803 0.00885 0.00476 0.00273 0.00165 0.00107 0.00076 0.00099 0.00000 ( 1)  0.067 +-  0.074
 201 L   0.91024 0.04553 0.01943 0.00993 0.00557 0.00332 0.00210 0.00141 0.00105 0.00142 0.00000 ( 1)  0.070 +-  0.082
 202 R   0.92171 0.04292 0.01705 0.00812 0.00424 0.00235 0.00138 0.00087 0.00060 0.00076 0.00000 ( 1)  0.066 +-  0.069
 203 C   0.91622 0.04424 0.01822 0.00900 0.00487 0.00280 0.00171 0.00111 0.00080 0.00104 0.00000 ( 1)  0.067 +-  0.075
 204 W   0.90233 0.04704 0.02092 0.01115 0.00651 0.00405 0.00266 0.00186 0.00145 0.00204 0.00000 ( 1)  0.073 +-  0.091
 205 A   0.92852 0.04108 0.01551 0.00702 0.00348 0.00184 0.00103 0.00061 0.00041 0.00049 0.00000 ( 1)  0.063 +-  0.062
 206 L   0.91024 0.04553 0.01943 0.00993 0.00557 0.00332 0.00210 0.00141 0.00105 0.00142 0.00000 ( 1)  0.070 +-  0.082
 207 S   0.04714 0.05563 0.09607 0.11789 0.12279 0.11702 0.10655 0.09621 0.09142 0.14928 0.00000 (10)  0.557 +-  0.269
 208 F   0.90570 0.04643 0.02030 0.01064 0.00611 0.00373 0.00241 0.00166 0.00127 0.00176 0.00000 ( 1)  0.071 +-  0.087
 209 Y   0.92591 0.04182 0.01611 0.00744 0.00377 0.00203 0.00116 0.00070 0.00047 0.00058 0.00000 ( 1)  0.064 +-  0.065
 210 P   0.79647 0.05510 0.03251 0.02298 0.01780 0.01468 0.01279 0.01187 0.01224 0.02279 0.00076 ( 1)  0.134 +-  0.246
 211 A   0.74736 0.09626 0.05878 0.03615 0.02238 0.01403 0.00899 0.00600 0.00437 0.00568 0.00000 ( 1)  0.116 +-  0.151
 212 E   0.94794 0.03443 0.01068 0.00397 0.00162 0.00070 0.00032 0.00016 0.00009 0.00009 0.00000 ( 1)  0.058 +-  0.043
 213 I   0.91797 0.04384 0.01786 0.00872 0.00466 0.00266 0.00160 0.00103 0.00073 0.00094 0.00000 ( 1)  0.067 +-  0.073
 214 T   0.78687 0.05519 0.03302 0.02367 0.01858 0.01554 0.01372 0.01292 0.01350 0.02548 0.00151 ( 1)  0.143 +-  0.289
 215 L   0.91024 0.04553 0.01943 0.00993 0.00557 0.00332 0.00210 0.00141 0.00105 0.00142 0.00000 ( 1)  0.070 +-  0.082
 216 T   0.91915 0.04355 0.01760 0.00853 0.00453 0.00256 0.00153 0.00097 0.00069 0.00088 0.00000 ( 1)  0.066 +-  0.072
 217 W   0.90233 0.04704 0.02092 0.01115 0.00651 0.00405 0.00266 0.00186 0.00145 0.00204 0.00000 ( 1)  0.073 +-  0.091
 218 Q   0.93529 0.03903 0.01390 0.00593 0.00278 0.00138 0.00073 0.00041 0.00026 0.00029 0.00000 ( 1)  0.061 +-  0.055
 219 R   0.68211 0.09830 0.06715 0.04619 0.03197 0.02241 0.01605 0.01197 0.00974 0.01411 0.00000 ( 1)  0.150 +-  0.195
 220 D   0.88151 0.05012 0.02430 0.01412 0.00899 0.00609 0.00437 0.00333 0.00283 0.00433 0.00000 ( 1)  0.082 +-  0.115
 221 G   0.93397 0.03945 0.01422 0.00615 0.00291 0.00147 0.00078 0.00045 0.00028 0.00032 0.00000 ( 1)  0.062 +-  0.056
 222 E   0.94794 0.03443 0.01068 0.00397 0.00162 0.00070 0.00032 0.00016 0.00009 0.00009 0.00000 ( 1)  0.058 +-  0.043
 223 D   0.95040 0.03341 0.01003 0.00361 0.00143 0.00060 0.00027 0.00013 0.00007 0.00006 0.00000 ( 1)  0.058 +-  0.040
 224 Q   0.88644 0.04945 0.02354 0.01344 0.00841 0.00560 0.00395 0.00297 0.00248 0.00374 0.00000 ( 1)  0.080 +-  0.110
 225 T   0.84907 0.05308 0.02831 0.01809 0.01267 0.00944 0.00744 0.00625 0.00583 0.00982 0.00001 ( 1)  0.099 +-  0.151
 226 Q   0.93529 0.03903 0.01390 0.00593 0.00278 0.00138 0.00073 0.00041 0.00026 0.00029 0.00000 ( 1)  0.061 +-  0.055
 227 D   0.95040 0.03341 0.01003 0.00361 0.00143 0.00060 0.00027 0.00013 0.00007 0.00006 0.00000 ( 1)  0.058 +-  0.040
 228 T   0.88843 0.04921 0.02325 0.01317 0.00817 0.00540 0.00377 0.00281 0.00232 0.00347 0.00000 ( 1)  0.079 +-  0.107
 229 E   0.94794 0.03443 0.01068 0.00397 0.00162 0.00070 0.00032 0.00016 0.00009 0.00009 0.00000 ( 1)  0.058 +-  0.043
 230 L   0.82900 0.05418 0.03020 0.02017 0.01476 0.01150 0.00947 0.00831 0.00810 0.01425 0.00005 ( 1)  0.110 +-  0.175
 231 V   0.93032 0.04057 0.01509 0.00673 0.00329 0.00171 0.00094 0.00055 0.00036 0.00043 0.00000 ( 1)  0.063 +-  0.060
 232 E   0.94794 0.03443 0.01068 0.00397 0.00162 0.00070 0.00032 0.00016 0.00009 0.00009 0.00000 ( 1)  0.058 +-  0.043
 233 T   0.91915 0.04355 0.01760 0.00853 0.00453 0.00256 0.00153 0.00097 0.00069 0.00088 0.00000 ( 1)  0.066 +-  0.072
 234 R   0.87265 0.05110 0.02552 0.01528 0.01002 0.00700 0.00517 0.00407 0.00356 0.00562 0.00000 ( 1)  0.086 +-  0.125
 235 P   0.79001 0.05517 0.03286 0.02345 0.01833 0.01526 0.01342 0.01258 0.01309 0.02460 0.00123 ( 1)  0.140 +-  0.273
 236 A   0.79589 0.05511 0.03254 0.02303 0.01785 0.01473 0.01285 0.01194 0.01232 0.02295 0.00080 ( 1)  0.134 +-  0.248
 237 G   0.86268 0.05204 0.02678 0.01651 0.01116 0.00803 0.00611 0.00495 0.00446 0.00726 0.00000 ( 1)  0.091 +-  0.136
 238 D   0.88759 0.04933 0.02339 0.01329 0.00827 0.00548 0.00384 0.00287 0.00238 0.00356 0.00000 ( 1)  0.079 +-  0.108
 239 G   0.34402 0.06917 0.06591 0.06321 0.06098 0.05953 0.05937 0.06158 0.06964 0.13943 0.00715 ( 1)  0.440 +-  0.528
 240 T   0.91915 0.04355 0.01760 0.00853 0.00453 0.00256 0.00153 0.00097 0.00069 0.00088 0.00000 ( 1)  0.066 +-  0.072
 241 F   0.90570 0.04643 0.02030 0.01064 0.00611 0.00373 0.00241 0.00166 0.00127 0.00176 0.00000 ( 1)  0.071 +-  0.087
 242 Q   0.93529 0.03903 0.01390 0.00593 0.00278 0.00138 0.00073 0.00041 0.00026 0.00029 0.00000 ( 1)  0.061 +-  0.055
 243 K   0.93949 0.03762 0.01286 0.00527 0.00237 0.00113 0.00057 0.00031 0.00019 0.00020 0.00000 ( 1)  0.060 +-  0.051
 244 W   0.90233 0.04704 0.02092 0.01115 0.00651 0.00405 0.00266 0.00186 0.00145 0.00204 0.00000 ( 1)  0.073 +-  0.091
 245 A   0.06625 0.03721 0.05503 0.06880 0.07948 0.08832 0.09693 0.10798 0.12876 0.26656 0.00470 (10)  0.661 +-  0.417
 246 A   0.03068 0.01888 0.03060 0.04192 0.05305 0.06457 0.07762 0.09471 0.12370 0.28086 0.18342 (10)  1.545 +-  1.787
 247 V   0.93032 0.04057 0.01509 0.00673 0.00329 0.00171 0.00094 0.00055 0.00036 0.00043 0.00000 ( 1)  0.063 +-  0.060
 248 V   0.93032 0.04057 0.01509 0.00673 0.00329 0.00171 0.00094 0.00055 0.00036 0.00043 0.00000 ( 1)  0.063 +-  0.060
 249 V   0.92834 0.04114 0.01556 0.00705 0.00350 0.00185 0.00104 0.00062 0.00041 0.00049 0.00000 ( 1)  0.063 +-  0.062
 250 P   0.79647 0.05510 0.03251 0.02298 0.01780 0.01468 0.01279 0.01187 0.01224 0.02279 0.00076 ( 1)  0.134 +-  0.246
 251 S   0.78769 0.05519 0.03298 0.02361 0.01852 0.01547 0.01365 0.01283 0.01340 0.02525 0.00143 ( 1)  0.142 +-  0.284
 252 G   0.79550 0.05511 0.03257 0.02306 0.01788 0.01477 0.01289 0.01198 0.01237 0.02306 0.00082 ( 1)  0.134 +-  0.249
 253 Q   0.01626 0.02311 0.04809 0.07110 0.08925 0.10251 0.11251 0.12243 0.14014 0.27455 0.00006 (10)  0.683 +-  0.248
 254 E   0.94794 0.03443 0.01068 0.00397 0.00162 0.00070 0.00032 0.00016 0.00009 0.00009 0.00000 ( 1)  0.058 +-  0.043
 255 Q   0.76010 0.09533 0.05668 0.03394 0.02046 0.01249 0.00780 0.00507 0.00359 0.00454 0.00000 ( 1)  0.111 +-  0.142
 256 R   0.81572 0.05468 0.03126 0.02141 0.01607 0.01284 0.01084 0.00975 0.00974 0.01756 0.00015 ( 1)  0.119 +-  0.195
 257 Y   0.92591 0.04182 0.01611 0.00744 0.00377 0.00203 0.00116 0.00070 0.00047 0.00058 0.00000 ( 1)  0.064 +-  0.065
 258 T   0.85764 0.05245 0.02737 0.01711 0.01172 0.00855 0.00660 0.00542 0.00495 0.00817 0.00000 ( 1)  0.094 +-  0.142
 259 C   0.91622 0.04424 0.01822 0.00900 0.00487 0.00280 0.00171 0.00111 0.00080 0.00104 0.00000 ( 1)  0.067 +-  0.075
 260 H   0.86598 0.05177 0.02639 0.01612 0.01079 0.00769 0.00579 0.00465 0.00414 0.00667 0.00000 ( 1)  0.090 +-  0.132
 261 V   0.86930 0.05143 0.02596 0.01570 0.01041 0.00735 0.00548 0.00436 0.00385 0.00616 0.00000 ( 1)  0.088 +-  0.129
 262 Q   0.93529 0.03903 0.01390 0.00593 0.00278 0.00138 0.00073 0.00041 0.00026 0.00029 0.00000 ( 1)  0.061 +-  0.055
 263 H   0.87410 0.05094 0.02533 0.01509 0.00986 0.00685 0.00504 0.00395 0.00343 0.00540 0.00000 ( 1)  0.085 +-  0.123
 264 E   0.94794 0.03443 0.01068 0.00397 0.00162 0.00070 0.00032 0.00016 0.00009 0.00009 0.00000 ( 1)  0.058 +-  0.043
 265 G   0.91963 0.04343 0.01750 0.00845 0.00447 0.00252 0.00150 0.00096 0.00067 0.00086 0.00000 ( 1)  0.066 +-  0.072
 266 L   0.90992 0.04559 0.01949 0.00998 0.00561 0.00335 0.00212 0.00143 0.00107 0.00145 0.00000 ( 1)  0.070 +-  0.082
 267 P   0.92172 0.04291 0.01705 0.00812 0.00424 0.00235 0.00138 0.00087 0.00060 0.00076 0.00000 ( 1)  0.066 +-  0.069
 268 K   0.37902 0.13661 0.12970 0.10417 0.07735 0.05529 0.03907 0.02805 0.02160 0.02915 0.00000 ( 1)  0.266 +-  0.246
 269 P   0.91954 0.04345 0.01752 0.00847 0.00448 0.00253 0.00151 0.00096 0.00068 0.00086 0.00000 ( 1)  0.066 +-  0.072
 270 L   0.91506 0.04450 0.01846 0.00918 0.00500 0.00290 0.00178 0.00116 0.00084 0.00111 0.00000 ( 1)  0.068 +-  0.077

Positively selected sites

	Prob(w>1)  mean w

     9 F      1.000**       5.365 +- 0.342
    24 A      0.999**       5.359 +- 0.377
    45 M      1.000**       5.365 +- 0.342
    62 G      0.884         4.837 +- 1.456
    63 E      1.000**       5.365 +- 0.342
    67 V      1.000**       5.365 +- 0.342
    69 A      0.971*        5.234 +- 0.815
    70 H      1.000**       5.365 +- 0.342
    71 S      1.000**       5.365 +- 0.342
    73 T      0.707         4.015 +- 2.089
    77 D      1.000**       5.365 +- 0.342
    80 T      1.000**       5.365 +- 0.342
    81 L      1.000**       5.365 +- 0.342
    82 R      0.985*        5.297 +- 0.637
    83 G      0.747         4.211 +- 1.941
    94 T      0.987*        5.306 +- 0.608
    95 V      1.000**       5.365 +- 0.342
    97 R      1.000**       5.365 +- 0.342
    99 Y      0.980*        5.273 +- 0.716
   113 Y      0.993**       5.331 +- 0.512
   114 H      1.000**       5.365 +- 0.342
   116 Y      1.000**       5.365 +- 0.342
   151 H      1.000**       5.364 +- 0.347
   152 E      1.000**       5.365 +- 0.342
   156 Q      1.000**       5.365 +- 0.342
   163 T      1.000**       5.365 +- 0.342
   167 W      1.000**       5.363 +- 0.352
