

TREE # 1

  0  0.0000   7273.773142  x:  1.60000   0.90000   0.20002   1.11074   2.76308  
  1 99.0000   7271.894204  x:  1.60026   0.91462   0.19461   1.11177   2.76608  
  2 224.5108   7270.426353  x:  1.60320   0.90784   0.16327   1.11774   2.80576  
  3 57.1574   7241.476106  x:  1.73963   0.91525   0.25967   1.23650   4.66785  
  4 90.6817   7240.585930  x:  1.61843   0.91838   0.24331   1.06965   4.73112  
  5  8.0883   7239.981225  x:  1.66199   0.92138   0.22353   0.87688   4.76958  
  6  9.7059   7238.832132  x:  1.66107   0.91297   0.19028   0.76248   4.85470  
  7  0.1691   7238.153667  x:  1.69986   0.91284   0.16922   0.75666   4.92787  
  8  0.0908   7238.054067  x:  1.69387   0.91514   0.16281   0.70378   4.99422  
  9  0.0984   7238.022581  x:  1.68714   0.91543   0.16871   0.72473   5.04437  
 10  0.0521   7238.015033  x:  1.69013   0.91498   0.16707   0.71709   5.07864  
 11  0.0280   7238.014961  x:  1.69123   0.91501   0.16717   0.71693   5.07926  
 12  0.0014   7238.014961  x:  1.69125   0.91501   0.16717   0.71697   5.07931  
 13  0.0001   7238.014961  x:  1.69125   0.91501   0.16717   0.71697   5.07931  
 14  0.0000   7238.014961  x:  1.69125   0.91501   0.16717   0.71697   5.07931  
 15  0.0000   7238.014961  x:  1.69125   0.91501   0.16717   0.71697   5.07931  