

TREE #  1

  0  0.0000   1141.924809  x:  0.04154   0.07581   0.02677   0.00811   0.00784   0.00000   0.02356   0.00758   0.03753   0.02141   0.00000   0.00000   0.00794   0.00000   0.00792   0.01593   0.00801   0.01599   0.00794   0.01601   0.00797   0.06861   0.00723   0.00796   0.01590   0.00000   0.00000   0.03296   0.12882   0.02666   0.00000   0.03226   0.04061   1.00000   1.00000   1.81642   1.76109   1.99816  
  1 99.0000   1141.919097  x:  0.04154   0.07581   0.02677   0.00811   0.00784   0.00000   0.02356   0.00758   0.03753   0.02141   0.00000   0.00000   0.00794   0.00000   0.00792   0.01593   0.00801   0.01599   0.00794   0.01601   0.00797   0.06861   0.00723   0.00795   0.01590   0.00000   0.00000   0.03296   0.12882   0.02666   0.00000   0.03226   0.04061   1.00000   1.00000   1.81642   1.76109   1.99816  
  2 1668.5552   1113.411835  x:  0.01389   0.04712   0.00424   0.01712   0.01559   0.00000   0.00407   0.01943   0.01238   0.00000   0.00000   0.00000   0.01652   0.00000   0.01676   0.00161   0.01744   0.00232   0.01647   0.00239   0.01615   0.04146   0.01063   0.01624   0.00245   0.00000   0.00000   0.00997   0.09859   0.00485   0.00000   0.00840   0.01439   1.00339   1.00572   1.81651   1.76173   1.99877  
  3 996.6172   1112.893402  x:  0.01325   0.04640   0.00379   0.01727   0.01570   0.00000   0.00371   0.01964   0.01179   0.00059   0.00000   0.00000   0.01665   0.00000   0.01689   0.00153   0.01759   0.00213   0.01660   0.00220   0.01628   0.04077   0.01064   0.01636   0.00227   0.00000   0.00000   0.00942   0.09780   0.00440   0.00000   0.00786   0.01376   1.00346   1.00586   1.81651   1.76174   1.99878  
  4 2270.9351   1110.946675  x:  0.01035   0.04275   0.00321   0.01744   0.01570   0.00000   0.00365   0.02011   0.00940   0.00072   0.00000   0.00000   0.01674   0.00000   0.01701   0.00410   0.01779   0.00311   0.01674   0.00303   0.01635   0.03733   0.01030   0.01642   0.00322   0.00000   0.00000   0.00725   0.09373   0.00343   0.00000   0.00595   0.01105   1.00383   1.00655   1.81652   1.76183   1.99887  
  5 1469.5440   1108.217036  x:  0.00658   0.03643   0.00568   0.01761   0.01557   0.00000   0.00568   0.02087   0.00700   0.00106   0.00000   0.00000   0.01677   0.00000   0.01708   0.00248   0.01801   0.00393   0.01684   0.00402   0.01636   0.03155   0.00971   0.01639   0.00408   0.00000   0.00000   0.00550   0.08642   0.00541   0.00000   0.00540   0.00786   1.00463   1.00794   1.81654   1.76199   1.99902  
  6 1151.1294   1103.977543  x:  0.00522   0.02275   0.00651   0.01774   0.01518   0.00000   0.00517   0.02250   0.00743   0.00132   0.00000   0.00000   0.01671   0.00000   0.01712   0.00441   0.01836   0.00277   0.01692   0.00289   0.01623   0.01992   0.00865   0.01622   0.00294   0.00000   0.00000   0.00884   0.06956   0.00638   0.00000   0.00958   0.00746   1.00686   1.01159   1.81659   1.76237   1.99938  
  7 885.4344   1102.183000  x:  0.00801   0.01680   0.00555   0.01766   0.01485   0.00000   0.00480   0.02327   0.00819   0.00133   0.00000   0.00000   0.01656   0.00000   0.01701   0.00303   0.01844   0.00419   0.01687   0.00402   0.01606   0.01528   0.00807   0.01601   0.00425   0.00000   0.00000   0.00901   0.06040   0.00557   0.00000   0.00935   0.00858   1.00823   1.01376   1.81662   1.76259   1.99959  
  8 1124.4057   1101.001890  x:  0.00949   0.01589   0.00620   0.01757   0.01452   0.00000   0.00677   0.02417   0.00919   0.00129   0.00000   0.00000   0.01640   0.00000   0.01690   0.00390   0.01850   0.00282   0.01679   0.00336   0.01587   0.01507   0.00781   0.01578   0.00315   0.00000   0.00000   0.00760   0.05056   0.00576   0.00000   0.00696   0.01027   1.01024   1.01677   1.81665   1.76286   1.99985  
  9 407.4857   1099.390902  x:  0.00805   0.01829   0.00633   0.01718   0.01376   0.00000   0.00535   0.02547   0.00949   0.00130   0.00000   0.00000   0.01589   0.00000   0.01646   0.00357   0.01837   0.00410   0.01644   0.00270   0.01533   0.01727   0.00751   0.01519   0.00354   0.00000   0.00000   0.00780   0.03480   0.00595   0.00000   0.00689   0.01102   1.01401   1.02237   1.81670   1.76335   2.00032  
 10 578.0389   1099.162476  x:  0.00812   0.01882   0.00598   0.01707   0.01359   0.00000   0.00531   0.02571   0.00919   0.00129   0.00000   0.00000   0.01575   0.00000   0.01634   0.00348   0.01830   0.00327   0.01633   0.00393   0.01520   0.01767   0.00751   0.01504   0.00350   0.00000   0.00000   0.00797   0.03236   0.00591   0.00000   0.00731   0.01057   1.01496   1.02376   1.81671   1.76347   2.00044  
 11 400.3032   1098.968591  x:  0.00915   0.01919   0.00542   0.01689   0.01335   0.00000   0.00602   0.02608   0.00844   0.00126   0.00000   0.00000   0.01553   0.00000   0.01613   0.00353   0.01817   0.00318   0.01614   0.00334   0.01498   0.01779   0.00762   0.01481   0.00372   0.00000   0.00000   0.00810   0.03112   0.00591   0.00000   0.00797   0.00914   1.01677   1.02637   1.81673   1.76369   2.00064  
 12 160.4183   1098.558089  x:  0.00994   0.01920   0.00601   0.01639   0.01271   0.00000   0.00543   0.02708   0.00833   0.00121   0.00000   0.00000   0.01489   0.00000   0.01552   0.00365   0.01774   0.00386   0.01558   0.00359   0.01434   0.01736   0.00791   0.01415   0.00233   0.00000   0.00000   0.00788   0.03043   0.00583   0.00000   0.00788   0.00787   1.02225   1.03424   1.81680   1.76434   2.00126  
 13 205.2928   1096.674342  x:  0.01054   0.01859   0.00780   0.01405   0.00975   0.00000   0.00286   0.03162   0.00861   0.00112   0.00000   0.00000   0.01190   0.00000   0.01264   0.00372   0.01564   0.00240   0.01288   0.00298   0.01137   0.01511   0.00899   0.01109   0.00338   0.00000   0.00000   0.00686   0.02852   0.00539   0.00000   0.00672   0.00554   1.04804   1.07129   1.81712   1.76741   2.00419  
 14 1481.9397   1092.043432  x:  0.00757   0.01658   0.00592   0.00873   0.00339   0.00000   0.00366   0.04132   0.00731   0.00107   0.00000   0.00000   0.00531   0.00000   0.00624   0.00266   0.01084   0.00223   0.00684   0.00264   0.00482   0.01055   0.01057   0.00440   0.00275   0.00000   0.00000   0.00584   0.02491   0.00282   0.00000   0.00566   0.00546   1.10556   1.15396   1.81782   1.77426   2.01073  
 15 4989.7324   1091.260877  x:  0.00725   0.01536   0.00447   0.00736   0.00297   0.00000   0.00300   0.04278   0.00635   0.00106   0.00000   0.00000   0.00412   0.00000   0.00490   0.00270   0.00940   0.00221   0.00545   0.00256   0.00374   0.01041   0.01000   0.00345   0.00246   0.00000   0.00000   0.00533   0.02417   0.00464   0.00000   0.00515   0.00572   1.11809   1.17205   1.81798   1.77578   2.01218  
 16 2891.3329   1090.023341  x:  0.00659   0.01222   0.00448   0.00461   0.00500   0.00000   0.00283   0.04245   0.00569   0.00105   0.00000   0.00000   0.00351   0.00000   0.00334   0.00246   0.00583   0.00208   0.00329   0.00239   0.00368   0.01221   0.00619   0.00407   0.00231   0.00000   0.00000   0.00509   0.02297   0.00379   0.00000   0.00494   0.00510   1.13635   1.19870   1.81822   1.77809   2.01438  
 17 1334.9394   1089.350124  x:  0.00635   0.01229   0.00413   0.00380   0.00439   0.00000   0.00274   0.03999   0.00577   0.00101   0.00000   0.00000   0.00429   0.00000   0.00428   0.00237   0.00379   0.00201   0.00406   0.00230   0.00416   0.01127   0.00282   0.00421   0.00219   0.00000   0.00000   0.00482   0.02232   0.00380   0.00000   0.00479   0.00479   1.14551   1.21237   1.81835   1.77934   2.01557  
 18 795.9584   1088.230058  x:  0.00632   0.01150   0.00464   0.00512   0.00416   0.00000   0.00226   0.02764   0.00334   0.00093   0.00000   0.00000   0.00462   0.00000   0.00450   0.00225   0.00384   0.00177   0.00427   0.00207   0.00459   0.01023   0.00276   0.00479   0.00200   0.00000   0.00000   0.00509   0.02069   0.00335   0.00000   0.00417   0.00539   1.16118   1.23689   1.81862   1.78183   2.01795  
 19 462.8941   1086.559493  x:  0.00529   0.00999   0.00354   0.00675   0.00440   0.00000   0.00218   0.00922   0.00409   0.00081   0.00000   0.00000   0.00488   0.00000   0.00456   0.00192   0.00455   0.00163   0.00433   0.00186   0.00503   0.00908   0.00359   0.00552   0.00173   0.00000   0.00000   0.00436   0.01832   0.00334   0.00000   0.00363   0.00431   1.18330   1.27171   1.81902   1.78540   2.02137  
 20 4207.1370   1086.527773  x:  0.00530   0.00996   0.00358   0.00658   0.00452   0.00000   0.00213   0.00882   0.00404   0.00081   0.00000   0.00000   0.00487   0.00000   0.00464   0.00193   0.00479   0.00162   0.00443   0.00184   0.00495   0.00907   0.00355   0.00539   0.00172   0.00000   0.00000   0.00400   0.01827   0.00329   0.00000   0.00390   0.00440   1.18372   1.27251   1.81903   1.78551   2.02147  
 21 181.0505   1086.481500  x:  0.00529   0.00991   0.00361   0.00582   0.00494   0.00000   0.00214   0.00826   0.00397   0.00081   0.00000   0.00000   0.00483   0.00000   0.00494   0.00192   0.00562   0.00161   0.00480   0.00184   0.00465   0.00906   0.00337   0.00488   0.00171   0.00000   0.00000   0.00417   0.01822   0.00325   0.00000   0.00376   0.00437   1.18413   1.27375   1.81906   1.78577   2.02172  
 22 104.7505   1086.421652  x:  0.00529   0.01005   0.00362   0.00457   0.00477   0.00000   0.00213   0.00794   0.00389   0.00081   0.00000   0.00000   0.00517   0.00000   0.00499   0.00192   0.00559   0.00161   0.00461   0.00183   0.00519   0.00883   0.00391   0.00515   0.00171   0.00000   0.00000   0.00417   0.01817   0.00329   0.00000   0.00373   0.00444   1.18317   1.27564   1.81919   1.78668   2.02258  
 23 23.7975   1085.640815  x:  0.00529   0.00882   0.00380   0.00401   0.00203   0.00000   0.00208   0.00640   0.00386   0.00082   0.00000   0.00000   0.00550   0.00000   0.00481   0.00195   0.00663   0.00161   0.00466   0.00183   0.00586   0.01034   0.00353   0.00544   0.00173   0.00000   0.00000   0.00425   0.01819   0.00324   0.00000   0.00379   0.00425   1.16925   1.29810   1.82083   1.79832   2.03366  
 24 111.6695   1082.393723  x:  0.00559   0.00984   0.00416   0.00437   0.00195   0.00000   0.00209   0.00108   0.00390   0.00078   0.00000   0.00000   0.00489   0.00000   0.00292   0.00205   0.00670   0.00162   0.00334   0.00184   0.00624   0.00938   0.00217   0.00541   0.00178   0.00000   0.00000   0.00443   0.01789   0.00328   0.00000   0.00382   0.00432   1.12077   1.37553   1.82650   1.83860   2.07201  
 25 2643.5803   1082.256888  x:  0.00558   0.00961   0.00420   0.00433   0.00204   0.00000   0.00209   0.00072   0.00387   0.00078   0.00000   0.00000   0.00472   0.00000   0.00363   0.00205   0.00589   0.00163   0.00361   0.00184   0.00585   0.00962   0.00267   0.00513   0.00179   0.00000   0.00000   0.00444   0.01785   0.00325   0.00000   0.00383   0.00432   1.11789   1.38004   1.82683   1.84097   2.07426  
 26 750.0539   1082.230205  x:  0.00558   0.00960   0.00421   0.00429   0.00202   0.00000   0.00209   0.00070   0.00386   0.00078   0.00000   0.00000   0.00552   0.00000   0.00340   0.00205   0.00581   0.00163   0.00367   0.00185   0.00505   0.00963   0.00275   0.00537   0.00179   0.00000   0.00000   0.00444   0.01785   0.00325   0.00000   0.00383   0.00433   1.11615   1.38179   1.82695   1.84205   2.07532  
 27 22.6380   1082.029240  x:  0.00561   0.00974   0.00421   0.00436   0.00193   0.00000   0.00210   0.00076   0.00389   0.00078   0.00000   0.00000   0.00573   0.00000   0.00459   0.00206   0.00614   0.00164   0.00230   0.00187   0.00426   0.00955   0.00256   0.00591   0.00179   0.00000   0.00000   0.00445   0.01790   0.00328   0.00000   0.00384   0.00436   1.10216   1.39542   1.82788   1.85062   2.08370  
 28 108.7848   1078.595930  x:  0.00584   0.01051   0.00438   0.00336   0.00200   0.00000   0.00227   0.00128   0.00409   0.00073   0.00000   0.00000   0.00178   0.00000   0.00556   0.00215   0.00551   0.00170   0.00471   0.00193   0.00148   0.00969   0.00289   0.01063   0.00188   0.00000   0.00000   0.00470   0.01848   0.00349   0.00000   0.00400   0.00482   0.87413   1.61711   1.84301   1.99013   2.22013  
 29 1921.2141   1075.119079  x:  0.00604   0.01034   0.00467   0.00444   0.00315   0.00000   0.00246   0.00184   0.00430   0.00068   0.00000   0.00000   0.00492   0.00000   0.00548   0.00225   0.00345   0.00181   0.00438   0.00198   0.00370   0.01110   0.00398   0.00473   0.00201   0.00000   0.00000   0.00496   0.01916   0.00359   0.00000   0.00428   0.00525   0.60451   1.87916   1.86091   2.15514   2.38149  
 30 12915.4633   1070.130075  x:  0.00650   0.01068   0.00540   0.00363   0.00293   0.00000   0.00255   0.00197   0.00452   0.00074   0.00000   0.00000   0.00469   0.00000   0.00457   0.00243   0.00088   0.00195   0.00359   0.00208   0.00314   0.01132   0.00418   0.00086   0.00214   0.00000   0.00000   0.00523   0.01898   0.00353   0.00000   0.00456   0.00549   0.68697   1.81877   1.90546   2.56477   2.77159  
 31  8.0029   1055.515531  x:  0.00867   0.01483   0.00649   0.00071   0.00324   0.00000   0.00375   0.00110   0.00597   0.00108   0.00000   0.00000   0.00243   0.00000   0.00098   0.00323   0.00470   0.00294   0.00203   0.00314   0.00515   0.01427   0.00236   0.00409   0.00291   0.00000   0.00000   0.00675   0.02606   0.00519   0.00000   0.00611   0.00757   0.92555   1.50306   2.14368   4.79398   4.86422  
 32 17.0717   1052.819903  x:  0.00964   0.01720   0.00682   0.00668   0.00268   0.00000   0.00437   0.00111   0.00664   0.00130   0.00000   0.00000   0.00267   0.00000   0.00306   0.00363   0.00531   0.00341   0.00265   0.00364   0.00455   0.01608   0.00222   0.00538   0.00330   0.00000   0.00000   0.00753   0.02976   0.00616   0.00000   0.00683   0.00866   0.98860   1.36337   2.17746   5.66730   5.57130  
 33  5.5462   1048.457881  x:  0.01132   0.02108   0.00793   0.00640   0.00121   0.00000   0.00526   0.00102   0.00844   0.00178   0.00000   0.00000   0.00277   0.00000   0.00240   0.00424   0.00474   0.00388   0.00186   0.00423   0.00125   0.01831   0.00170   0.00390   0.00395   0.00000   0.00000   0.00863   0.03412   0.00691   0.00000   0.00802   0.01020   0.72859   1.59074   1.89562   6.44520   5.56136  
 34  0.8687   1046.990926  x:  0.01236   0.02221   0.00868   0.00529   0.00259   0.00000   0.00579   0.00155   0.00954   0.00208   0.00000   0.00000   0.00117   0.00000   0.00327   0.00468   0.00327   0.00419   0.00230   0.00453   0.00261   0.01989   0.00227   0.00406   0.00437   0.00000   0.00000   0.00935   0.03563   0.00756   0.00000   0.00871   0.01122   0.66197   1.61585   1.90111   6.93003   5.56977  
 35  1.1476   1046.125247  x:  0.01317   0.02318   0.00917   0.00367   0.00377   0.00000   0.00633   0.00224   0.01054   0.00237   0.00000   0.00000   0.00338   0.00000   0.00441   0.00502   0.00256   0.00450   0.00318   0.00476   0.00207   0.02166   0.00282   0.00376   0.00474   0.00000   0.00000   0.00995   0.03697   0.00816   0.00000   0.00932   0.01219   0.66574   1.56078   2.00627   7.45160   5.62815  
 36  1.6840   1045.235356  x:  0.01353   0.02492   0.00910   0.00328   0.00316   0.00000   0.00706   0.00243   0.01135   0.00269   0.00000   0.00000   0.00326   0.00000   0.00327   0.00513   0.00341   0.00483   0.00284   0.00499   0.00295   0.02294   0.00297   0.00160   0.00505   0.00000   0.00000   0.01039   0.03908   0.00838   0.00000   0.00994   0.01310   0.70196   1.48025   2.13994   8.14654   5.74114  
 37  0.9947   1044.773004  x:  0.01375   0.02572   0.00921   0.00307   0.00260   0.00000   0.00755   0.00252   0.01187   0.00294   0.00000   0.00000   0.00294   0.00000   0.00241   0.00523   0.00191   0.00504   0.00263   0.00513   0.00318   0.02345   0.00289   0.00238   0.00525   0.00000   0.00000   0.01073   0.04009   0.00852   0.00000   0.01034   0.01378   0.73483   1.41572   2.16666   8.64336   5.83300  
 38  1.6797   1044.338166  x:  0.01405   0.02615   0.00930   0.00224   0.00267   0.00000   0.00825   0.00253   0.01269   0.00340   0.00000   0.00000   0.00242   0.00000   0.00261   0.00537   0.00232   0.00555   0.00244   0.00539   0.00252   0.02379   0.00164   0.00211   0.00555   0.00000   0.00000   0.01108   0.04124   0.00869   0.00000   0.01093   0.01453   0.72227   1.35651   1.96215   9.57618   6.01845  
 39  0.7672   1043.927138  x:  0.01433   0.02720   0.00922   0.00244   0.00220   0.00000   0.00892   0.00269   0.01343   0.00394   0.00000   0.00000   0.00198   0.00000   0.00187   0.00543   0.00307   0.00597   0.00223   0.00567   0.00189   0.02392   0.00289   0.00227   0.00576   0.00000   0.00000   0.01123   0.04291   0.00873   0.00000   0.01147   0.01470   0.66251   1.30832   1.96813  10.77888   6.24962  
 40  1.0640   1043.541706  x:  0.01452   0.02819   0.00907   0.00209   0.00167   0.00000   0.00944   0.00279   0.01413   0.00448   0.00000   0.00000   0.00228   0.00000   0.00301   0.00546   0.00343   0.00620   0.00284   0.00590   0.00249   0.02399   0.00305   0.00301   0.00586   0.00000   0.00000   0.01118   0.04470   0.00883   0.00000   0.01170   0.01486   0.58552   1.25780   2.11963  12.02749   6.45328  
 41  1.2749   1043.144147  x:  0.01489   0.02845   0.00918   0.00301   0.00310   0.00000   0.00994   0.00272   0.01497   0.00516   0.00000   0.00000   0.00303   0.00000   0.00278   0.00563   0.00378   0.00637   0.00279   0.00611   0.00271   0.02412   0.00261   0.00373   0.00597   0.00000   0.00000   0.01122   0.04666   0.00909   0.00000   0.01190   0.01512   0.52868   1.16074   2.18367  13.54666   6.66313  
 42  1.9590   1043.005513  x:  0.01518   0.02884   0.00947   0.00290   0.00316   0.00000   0.01008   0.00288   0.01538   0.00546   0.00000   0.00000   0.00310   0.00000   0.00292   0.00577   0.00361   0.00636   0.00291   0.00615   0.00288   0.02459   0.00284   0.00372   0.00603   0.00000   0.00000   0.01139   0.04728   0.00923   0.00000   0.01203   0.01538   0.55576   1.07587   2.05794  14.19114   6.69896  
 43  0.9027   1042.876146  x:  0.01575   0.02981   0.01011   0.00286   0.00300   0.00000   0.01004   0.00298   0.01586   0.00589   0.00000   0.00000   0.00300   0.00000   0.00266   0.00606   0.00275   0.00622   0.00303   0.00617   0.00312   0.02559   0.00282   0.00314   0.00609   0.00000   0.00000   0.01186   0.04849   0.00957   0.00000   0.01227   0.01572   0.52113   1.05543   2.00856  15.05444   6.54724  
 44  0.4862   1042.805528  x:  0.01587   0.02959   0.01049   0.00310   0.00301   0.00000   0.00945   0.00296   0.01554   0.00597   0.00000   0.00000   0.00284   0.00000   0.00306   0.00615   0.00267   0.00598   0.00289   0.00602   0.00293   0.02592   0.00286   0.00276   0.00598   0.00000   0.00000   0.01209   0.04792   0.00967   0.00000   0.01216   0.01544   0.53277   1.06108   2.17623  15.26797   6.31785  
 45  0.1962   1042.743493  x:  0.01576   0.02903   0.01054   0.00358   0.00293   0.00000   0.00883   0.00286   0.01500   0.00616   0.00000   0.00000   0.00292   0.00000   0.00323   0.00610   0.00310   0.00585   0.00302   0.00590   0.00300   0.02575   0.00289   0.00273   0.00585   0.00000   0.00000   0.01220   0.04745   0.00964   0.00000   0.01202   0.01499   0.53029   1.07241   2.03806  15.71605   6.13276  
 46  0.2806   1042.638528  x:  0.01554   0.02853   0.01015   0.00333   0.00303   0.00000   0.00850   0.00284   0.01424   0.00714   0.00000   0.00000   0.00300   0.00000   0.00293   0.00592   0.00312   0.00610   0.00299   0.00603   0.00290   0.02603   0.00260   0.00306   0.00596   0.00000   0.00000   0.01245   0.04895   0.00965   0.00000   0.01216   0.01491   0.52531   1.03674   2.11232  17.89792   5.92158  
 47  0.4745   1042.565741  x:  0.01532   0.02773   0.01005   0.00278   0.00296   0.00000   0.00825   0.00285   0.01334   0.00745   0.00000   0.00000   0.00298   0.00000   0.00280   0.00581   0.00285   0.00605   0.00279   0.00596   0.00282   0.02587   0.00277   0.00302   0.00600   0.00000   0.00000   0.01235   0.04809   0.00956   0.00000   0.01189   0.01492   0.54226   1.09520   2.04524  18.58163   5.75482  
 48  0.3836   1042.507994  x:  0.01541   0.02746   0.01029   0.00288   0.00269   0.00000   0.00869   0.00279   0.01332   0.00784   0.00000   0.00000   0.00292   0.00000   0.00265   0.00589   0.00313   0.00590   0.00305   0.00588   0.00300   0.02526   0.00278   0.00313   0.00605   0.00000   0.00000   0.01196   0.04654   0.00950   0.00000   0.01151   0.01544   0.55618   1.11042   2.09661  19.54863   5.97287  
 49  0.3753   1042.465632  x:  0.01554   0.02752   0.01041   0.00289   0.00288   0.00000   0.00892   0.00280   0.01341   0.00859   0.00000   0.00000   0.00288   0.00000   0.00313   0.00596   0.00306   0.00573   0.00286   0.00586   0.00286   0.02499   0.00295   0.00308   0.00598   0.00000   0.00000   0.01183   0.04725   0.00944   0.00000   0.01143   0.01566   0.54764   1.09909   2.06209  21.34047   6.14300  
 50  0.8579   1042.446476  x:  0.01537   0.02753   0.01021   0.00307   0.00289   0.00000   0.00880   0.00273   0.01330   0.00895   0.00000   0.00000   0.00288   0.00000   0.00291   0.00588   0.00289   0.00573   0.00293   0.00584   0.00294   0.02473   0.00274   0.00289   0.00586   0.00000   0.00000   0.01190   0.04783   0.00933   0.00000   0.01153   0.01554   0.55086   1.10502   2.07114  22.25666   6.17376  
 51  0.5600   1042.437870  x:  0.01515   0.02749   0.00998   0.00300   0.00296   0.00000   0.00878   0.00275   0.01345   0.00902   0.00000   0.00000   0.00291   0.00000   0.00286   0.00578   0.00294   0.00588   0.00290   0.00582   0.00286   0.02424   0.00277   0.00291   0.00578   0.00000   0.00000   0.01186   0.04736   0.00915   0.00000   0.01170   0.01531   0.55708   1.11591   2.07679  22.56709   6.28464  
 52  0.1337   1042.433022  x:  0.01517   0.02755   0.01005   0.00302   0.00290   0.00000   0.00859   0.00278   0.01369   0.00891   0.00000   0.00000   0.00289   0.00000   0.00292   0.00577   0.00289   0.00584   0.00289   0.00576   0.00287   0.02420   0.00281   0.00283   0.00571   0.00000   0.00000   0.01182   0.04682   0.00913   0.00000   0.01169   0.01501   0.55916   1.12004   2.06490  22.49507   6.25475  
 53  0.0313   1042.429057  x:  0.01513   0.02741   0.00995   0.00292   0.00285   0.00000   0.00854   0.00279   0.01382   0.00891   0.00000   0.00000   0.00288   0.00000   0.00285   0.00572   0.00287   0.00576   0.00288   0.00575   0.00287   0.02419   0.00273   0.00292   0.00571   0.00000   0.00000   0.01163   0.04689   0.00910   0.00000   0.01156   0.01480   0.55948   1.12237   2.07579  22.72988   6.22484  
 54  0.0814   1042.425100  x:  0.01511   0.02704   0.00989   0.00300   0.00289   0.00000   0.00862   0.00280   0.01390   0.00902   0.00000   0.00000   0.00287   0.00000   0.00288   0.00575   0.00293   0.00562   0.00288   0.00573   0.00285   0.02413   0.00275   0.00288   0.00574   0.00000   0.00000   0.01152   0.04695   0.00916   0.00000   0.01147   0.01477   0.56303   1.12602   2.06515  23.39602   6.22561  
 55  0.1397   1042.417566  x:  0.01504   0.02695   0.00975   0.00296   0.00292   0.00000   0.00874   0.00287   0.01426   0.00879   0.00000   0.00000   0.00287   0.00000   0.00283   0.00579   0.00287   0.00576   0.00287   0.00578   0.00284   0.02452   0.00279   0.00281   0.00585   0.00000   0.00000   0.01172   0.04704   0.00935   0.00000   0.01168   0.01480   0.55950   1.12321   2.07469  23.77524   6.16317  
 56  0.0833   1042.406053  x:  0.01496   0.02710   0.00970   0.00314   0.00282   0.00000   0.00872   0.00281   0.01432   0.00855   0.00000   0.00000   0.00288   0.00000   0.00296   0.00574   0.00298   0.00593   0.00292   0.00580   0.00294   0.02488   0.00273   0.00301   0.00584   0.00000   0.00000   0.01182   0.04680   0.00938   0.00000   0.01161   0.01484   0.55824   1.11874   2.07508  24.85527   6.10152  
 57  0.2301   1042.387535  x:  0.01504   0.02773   0.00991   0.00300   0.00285   0.00000   0.00889   0.00272   0.01421   0.00854   0.00000   0.00000   0.00286   0.00000   0.00300   0.00570   0.00276   0.00597   0.00291   0.00581   0.00292   0.02490   0.00276   0.00294   0.00570   0.00000   0.00000   0.01180   0.04722   0.00921   0.00000   0.01145   0.01504   0.56138   1.12143   2.07014  27.62667   6.16322  
 58  0.6674   1042.371359  x:  0.01508   0.02759   0.01006   0.00298   0.00290   0.00000   0.00877   0.00267   0.01407   0.00798   0.00000   0.00000   0.00290   0.00000   0.00285   0.00571   0.00300   0.00587   0.00285   0.00579   0.00282   0.02465   0.00277   0.00290   0.00566   0.00000   0.00000   0.01184   0.04690   0.00918   0.00000   0.01143   0.01467   0.56198   1.12778   2.07754  29.42260   6.07463  
 59  0.6286   1042.365425  x:  0.01516   0.02760   0.01012   0.00295   0.00289   0.00000   0.00883   0.00268   0.01381   0.00786   0.00000   0.00000   0.00288   0.00000   0.00283   0.00577   0.00289   0.00574   0.00291   0.00579   0.00287   0.02432   0.00275   0.00288   0.00570   0.00000   0.00000   0.01186   0.04676   0.00913   0.00000   0.01149   0.01485   0.56266   1.12358   2.05976  30.12423   6.15922  
 60  0.2611   1042.362632  x:  0.01505   0.02739   0.00990   0.00297   0.00287   0.00000   0.00869   0.00273   0.01372   0.00775   0.00000   0.00000   0.00286   0.00000   0.00289   0.00574   0.00286   0.00572   0.00287   0.00576   0.00286   0.02428   0.00274   0.00288   0.00574   0.00000   0.00000   0.01180   0.04646   0.00912   0.00000   0.01152   0.01481   0.56387   1.13006   2.07683  30.38480   6.18237  
 61  0.1213   1042.361962  x:  0.01505   0.02739   0.00987   0.00297   0.00287   0.00000   0.00863   0.00276   0.01369   0.00775   0.00000   0.00000   0.00287   0.00000   0.00286   0.00573   0.00288   0.00574   0.00288   0.00575   0.00286   0.02438   0.00274   0.00286   0.00575   0.00000   0.00000   0.01171   0.04649   0.00912   0.00000   0.01146   0.01486   0.56448   1.13130   2.06778  30.58804   6.20045  
 62  0.0910   1042.361796  x:  0.01509   0.02744   0.00993   0.00297   0.00287   0.00000   0.00862   0.00277   0.01371   0.00775   0.00000   0.00000   0.00287   0.00000   0.00286   0.00574   0.00288   0.00576   0.00287   0.00575   0.00285   0.02441   0.00274   0.00286   0.00574   0.00000   0.00000   0.01170   0.04652   0.00914   0.00000   0.01148   0.01489   0.56363   1.12922   2.07226  30.66439   6.21446  
 63  0.0403   1042.361742  x:  0.01508   0.02741   0.00993   0.00297   0.00287   0.00000   0.00861   0.00277   0.01371   0.00776   0.00000   0.00000   0.00287   0.00000   0.00286   0.00575   0.00288   0.00576   0.00287   0.00576   0.00286   0.02441   0.00274   0.00287   0.00574   0.00000   0.00000   0.01170   0.04655   0.00916   0.00000   0.01152   0.01487   0.56357   1.12926   2.07069  30.66908   6.21538  
 64  0.0022   1042.361729  x:  0.01508   0.02742   0.00994   0.00297   0.00287   0.00000   0.00861   0.00277   0.01370   0.00775   0.00000   0.00000   0.00287   0.00000   0.00286   0.00575   0.00288   0.00576   0.00287   0.00576   0.00286   0.02442   0.00274   0.00287   0.00573   0.00000   0.00000   0.01169   0.04655   0.00916   0.00000   0.01153   0.01488   0.56370   1.12961   2.07143  30.69748   6.21333  
 65  0.0121   1042.361722  x:  0.01508   0.02743   0.00993   0.00297   0.00287   0.00000   0.00861   0.00276   0.01371   0.00775   0.00000   0.00000   0.00287   0.00000   0.00286   0.00574   0.00288   0.00576   0.00287   0.00576   0.00286   0.02442   0.00274   0.00287   0.00573   0.00000   0.00000   0.01168   0.04654   0.00916   0.00000   0.01154   0.01488   0.56365   1.12938   2.07108  30.69325   6.21225  
 66  0.0017   1042.361720  x:  0.01508   0.02742   0.00993   0.00297   0.00287   0.00000   0.00861   0.00276   0.01371   0.00775   0.00000   0.00000   0.00287   0.00000   0.00286   0.00575   0.00288   0.00576   0.00287   0.00576   0.00286   0.02442   0.00274   0.00287   0.00573   0.00000   0.00000   0.01168   0.04654   0.00916   0.00000   0.01154   0.01488   0.56364   1.12942   2.07111  30.68427   6.21069  
 67  0.0049   1042.361720  x:  0.01508   0.02742   0.00993   0.00297   0.00287   0.00000   0.00861   0.00276   0.01371   0.00775   0.00000   0.00000   0.00287   0.00000   0.00286   0.00575   0.00288   0.00576   0.00287   0.00576   0.00286   0.02441   0.00274   0.00287   0.00573   0.00000   0.00000   0.01168   0.04654   0.00916   0.00000   0.01154   0.01488   0.56366   1.12944   2.07112  30.68561   6.21043  
 68  0.0007   1042.361720  x:  0.01508   0.02742   0.00993   0.00297   0.00287   0.00000   0.00861   0.00276   0.01371   0.00775   0.00000   0.00000   0.00287   0.00000   0.00286   0.00575   0.00288   0.00576   0.00287   0.00576   0.00286   0.02441   0.00274   0.00287   0.00574   0.00000   0.00000   0.01168   0.04654   0.00916   0.00000   0.01154   0.01488   0.56365   1.12943   2.07111  30.68644   6.21048  
 69  0.0007   1042.361720  x:  0.01508   0.02742   0.00993   0.00297   0.00287   0.00000   0.00861   0.00276   0.01371   0.00775   0.00000   0.00000   0.00287   0.00000   0.00286   0.00575   0.00288   0.00576   0.00287   0.00576   0.00286   0.02441   0.00274   0.00287   0.00574   0.00000   0.00000   0.01168   0.04654   0.00916   0.00000   0.01154   0.01488   0.56365   1.12942   2.07111  30.68692   6.21048  
 70  0.0006   1042.361720  x:  0.01508   0.02742   0.00993   0.00297   0.00287   0.00000   0.00861   0.00276   0.01371   0.00775   0.00000   0.00000   0.00287   0.00000   0.00286   0.00575   0.00288   0.00576   0.00287   0.00576   0.00286   0.02441   0.00274   0.00287   0.00574   0.00000   0.00000   0.01168   0.04654   0.00916   0.00000   0.01154   0.01488   0.56365   1.12942   2.07111  30.68702   6.21047  
 71  0.0004   1042.361720  x:  0.01508   0.02742   0.00993   0.00297   0.00287   0.00000   0.00861   0.00276   0.01371   0.00775   0.00000   0.00000   0.00287   0.00000   0.00286   0.00575   0.00288   0.00576   0.00287   0.00576   0.00286   0.02441   0.00274   0.00287   0.00574   0.00000   0.00000   0.01168   0.04654   0.00916   0.00000   0.01154   0.01488   0.56365   1.12942   2.07111  30.68702   6.21047  
 72  0.0004   1042.361720  x:  0.01508   0.02742   0.00993   0.00297   0.00287   0.00000   0.00861   0.00276   0.01371   0.00775   0.00000   0.00000   0.00287   0.00000   0.00286   0.00575   0.00288   0.00576   0.00287   0.00576   0.00286   0.02441   0.00274   0.00287   0.00574   0.00000   0.00000   0.01168   0.04654   0.00916   0.00000   0.01154   0.01488   0.56365   1.12942   2.07111  30.68702   6.21047  
check convergence!
