.022644
.783962
.378812
.073920
.120208
.869954
.355576
9.376734
.639904
.631468
.502586
1.726390
.101120
.523626
.793038
.255476
.886708
.152852
.779780
.319616
.045746
2.924034
.109682
.068036
1.739292
.973038
.927616
.018818
.535238
2.156060
.120760
.145440
.438682
2.488320
.090410
1.401702
.039944
.150718
.019892
.004208
.019516
.786164
1.251056
1.435370
.425864
3.354850
.901350
2.208318
.068914
.414564
2.727716
.035876
.037004
3.469826
1.126542
.054526
.016512
.331562
.003868
1.040854
1.770732
2.138674
.064984
3.416362
.951024
.103102
.009750
.046458
.000844
2.833078
.472754
.019454
.430456
.296092
2.580380
.831446
.022584
.049494
.189882
3.503934
4.017602
5.517262
.048868
.054684
.003212
.514392
.335688
3.527386
.900814
.739784
3.873258
.415132
2.118306
.081712
5.129006
2.867592
.029406
.830326
.989838
.774832
.560064
.136310
.085280
.089134
2.307980
.979912
1.997060
.348256
.077808
1.172956
1.540868
.006556
4.052316
.132056
.857350
.005526
3.131372
1.156482
1.169592
.175146
1.480288
7.428450
3.538630
2.179294
.960572
2.007274
.120600
.479800
1.529542
4.009102
.140704
.461766
1.462222
.210100
.105740
.210336
1.374276
1.686198
.542584
.074492
1.634014
.036546
4.494472
.609560
.066120
1.578012
3.685658
1.060542
3.084752
2.111494
1.970608
.080812
.931760
3.803844
1.051926
.107178
3.712382
.002070
1.284324
.008846
.008170
1.646566
.012820
3.599132
.034584
.460384
3.744416
.107166
.035704
1.336178
.000442
.003580
.025722
5.791030
.193946
.516562
.001532
.035198
.043286
.168134
2.444712
2.350392
.194676
.265042
.003500
3.610090
.000012
.880440
.829076
5.472540
.849632
1.258734
.726526
.302234
.409234
4.848818
4.017138
.005634
1.463154
.005992
.735666
.066440
.134470
.007180
.000046
.489340
.770032
.000170
.935360
.907788
.074656
.170624
.083318
.518046
.582788
.417700
3.610402
1.025806
4.341882
.014048
.447488
.002064
.000028
2.200358
.608472
3.162448
.643336
.001270
.206282
1.375836
.764338
.551834
2.833596
.252394
.874812
3.587084
4.477736
.243084
.146276
.370008
.687922
.010478
.389388
.360500
.160086
.499488
.024918
1.704480
1.150094
.154308
.131502
3.804722
.290674
2.001454
1.529968
.000110
1.005882
1.826848
1.444194
5.866710
.002848
2.416760
.013472
.021584
4.027320
.103416
5.183844
2.497698
.243684
.614710
4.123064
.007086
.403000
.673862
1.704384
.149590
1.945094
.075294
4.789606
.069902
.003356
6.401510
.069150
.826822
.183380
.001794
.719154
.575652
4.661724
.050962
1.259420
.147052
7.037864
.045378
1.509152
.000084
.529614
.147454
.035828
1.151542
.295788
.098514
3.358030
.134500
2.292238
.004312
.187346
.005276
.029164
1.861136
.418634
.031658
.800130
2.197722
.070672
3.615730
.994758
.138292
1.822092
.428812
.376500
5.115038
4.281996
.281910
.021054
.027500
1.705440
.698770
1.054560
1.430196
.262396
1.317954
.024026
.641062
1.027562
.951904
.356350
.311010
.008756
.046476
.002304
.801210
.702894
.064190
.001788
.002016
2.069696
0
3.169604
.348930
.167820
3.193444
.157100
.392864
1.198678
.023220
5.548562
1.136068
4.360138
1.356380
.025752
.143764
2.496084
1.151522
.251416
1.328430
.393396
2.240448
.002942
4.385834
1.224948
3.003350
.317430
.005196
.000158
.218262
.013894
2.489482
.073116
1.191290
.423220
6.301570
.010430
4.052912
1.204468
1.133308
.038576
.034678
.029820
.142980
.215282
.808680
.132440
.304126
6.304010
4.441330
.335042
.281878
.001190
.095168
.397732
5.140196
9.197194
.284200
4.611258
.505754
4.154516
.906660
.107844
1.615860
2.358966
.286018
3.602060
.305822
.075108
.064140
.114238
.082956
2.475972
.042852
.669136
.165228
.689820
.895656
.685134
.826614
.156382
5.029024
.248430
1.592950
5.938616
.506090
1.677834
.034850
2.197494
.452030
5.276586
2.116852
.030048
.082966
1.294056
1.789432
.001052
.049822
.376918
2.029456
.033448
.206536
.515866
.250708
.288618
.005108
.019308
1.147922
.099852
.556914
5.443374
.044202
.623138
.016332
1.798552
1.498016
1.189102
.242360
2.207780
1.092544
.016516
1.576890
2.688634
.788442
.061644
1.633788
1.641638
3.018522
.093780
.003490
.009856
.239716
.018814
.010628
.055704
.179132
.551004
3.088514
.012558
.584308
4.586302
.002254
.523698
.033000
1.246462
.206154
.149920
3.343628
2.872476
.345568
.677862
.408676
.823166
2.484794
6.410744
1.919542
.095938
2.646340
.002502
.224946
.763442
.011270
3.122118
.009744
.194250
.740534
.232444
.273440
1.389400
.523020
.805444
.113526
.161630
.230100
6.327566
.286876
.079046
.995300
.022318
.629956
.007198
.098202
.077836
1.552728
2.093874
.086822
.234650
2.069254
5.089964
1.654796
.858790
3.921814
2.456310
.214254
.136182
2.776350
.137136
.454540
.307746
.634236
3.625096
2.325218
.772508
6.186768
.015970
1.193478
.041024
.297430
.282212
.007536
.009660
.996078
3.743806
4.411388
1.375798
1.145888
8.575000
2.523674
.000294
4.312592
.148884
.188648
.169792
.122314
.062654
.850030
.006914
.410606
.387852
.710474
6.056882
2.236196
.569524
1.849920
.038674
4.514416
.077240
3.108340
.142522
.545188
1.246806
.193700
.450484
1.358142
.100946
.107752
3.749938
.364572
1.921740
.162570
.961940
.279212
2.357692
.685756
1.296510
.158684
1.258750
.121812
.349866
1.363142
.143676
.025652
.595084
.081424
.176114
.022284
.297440
1.109950
.046382
5.245812
4.544024
1.107270
2.511730
.401958
9.747494
4.637702
.850532
.826132
.126546
.324116
.522582
1.952632
.871398
2.316268
1.169260
.805478
.972350
10.229062
.019910
.607126
1.442204
6.998516
4.681000
1.224548
.026946
.417916
3.647768
.864130
4.570690
.076838
12.757326
.142586
.045792
.000556
.583664
2.297260
.343492
.515920
.031830
.050300
6.691350
.242146
.082018
.192952
.042158
1.142204
.568946
5.072234
.212244
.054086
.787936
.201276
1.665142
2.731460
1.248968
.848010
.320326
.292514
2.737128
.002450
.055468
.047896
.398342
1.132104
.007314
.584674
.271268
.014834
1.700650
.699132
.354434
.790718
2.481950
3.209690
.008600
1.098390
.028670
1.913780
.323466
.003782
1.875748
.404564
2.211292
2.873086
1.144264
1.154916
3.081134
.234082
.616506
.009194
.006634
2.277306
.117754
.440308
4.621168
.912500
.395330
2.052110
.971448
2.693138
.415458
1.678264
.000240
.046888
.046994
.586074
2.925460
1.113862
2.375294
.048714
.124298
.011784
1.282378
2.163916
6.054284
.365618
.104666
.052180
.041512
.187822
.142204
1.522390
.855140
2.266654
2.658330
.338564
.441882
.489016
2.188524
.052400
1.203600
7.207792
.515874
.001256
2.940160
.102350
4.146730
2.851458
3.000586
2.606150
.091330
.374752
.475060
.445610
1.234744
2.822956
.143204
.103956
1.109622
.110838
.739618
5.312960
.408738
1.735678
4.459408
.309382
.787334
.395690
2.003768
.006284
.007550
.219670
.809440
.095010
.755170
3.887650
3.321588
.601060
.297734
1.369676
.000688
.043244
.001532
.012980
1.169516
2.712514
.937324
.139742
.222726
.277528
.174266
.013288
.451932
.453836
.416148
.017856
2.009094
4.247048
6.137278
.007870
.293534
1.122818
3.129712
.004924
1.153928
.003356
.010724
1.268916
.223802
.182720
3.149504
.043058
2.895004
.034550
.007276
.009362
.244528
1.824032
1.799036
.015316
3.601878
.169562
.323526
.095378
1.553044
.068082
.495406
.078440
.033902
.931336
1.444058
.685816
.604012
.403052
1.248508
.043694
4.378998
.105544
.054184
.004024
.422510
.859862
.408692
.076418
.057976
1.744738
.001992
2.001180
.180516
2.714290
17.896462
.359456
.022174
4.759220
.008130
.642004
.959768
.319080
.010090
1.076574
.094632
2.396912
.052714
1.874198
.416864
.960564
.009976
.361706
1.645982
.711766
2.347102
3.228278
.594686
.128080
2.628752
.072946
7.220018
.449410
.004364
.608128
3.060088
2.288486
.780980
.035138
.919130
2.775226
10.063864
1.591136
2.435734
3.441184
.447354
.548798
1.512368
.818188
.311900
5.427424
.137424
.000362
.013548
3.577632
2.057420
.051010
3.643764
2.471516
.596508
.004150
1.190694
.007614
.326660
.013670
.000508
1.060396
.228154
2.218916
.026332
.521786
.062494
.348638
2.476676
.496964
.175266
.046842
1.055994
1.562366
1.932130
.165072
.072348
3.702428
1.967214
.648190
.098322
.004640
2.201976
2.739026
.302538
.378488
2.802070
.741524
5.464334
1.438988
5.379904
2.514384
2.438628
.000014
1.138388
.925254
.632444
.660818
4.473494
3.577246
1.018706
.002864
.876610
.798912
.039368
.002370
1.244776
1.222820
.745636
5.117738
.269730
1.221822
.121916
2.494676
3.146052
2.557404
.713420
2.429830
2.951614
.002054
1.019954
1.256512
2.643188
.247686
.023440
2.963964
.000230
.800782
1.325056
3.880378
5.632914
3.024164
.102094
.228012
1.326908
.127576
.090816
.727266
3.620886
2.120188
1.413200
.373982
1.526670
8.536762
