-2269.315490
-2354.889691
-2240.829396
-2302.983665
-2370.488136
-2274.171397
-2314.857222
-2348.474761
-2227.274294
-2308.107330
-2262.454001
-2280.786569
-2301.132476
-2374.568907
-2296.049611
-2285.770362
-2260.669034
-2224.684160
-2271.945663
-2229.639650
-2256.009321
-2284.546186
-2206.176334
-2267.332797
-2396.234651
-2243.187070
-2246.164404
-2248.081970
-2330.731841
-2279.308851
-2222.503882
-2214.972854
-2278.864883
-2318.703046
-2285.122002
-2415.517813
-2304.168300
-2330.507296
-2240.975780
-2349.381787
-2230.822893
-2409.148469
-2290.302043
-2217.723515
-2280.863621
-2313.126035
-2235.563150
-2129.611026
-2269.976841
-2321.355459
-2276.829810
-2208.429229
-2324.911909
-2184.626856
-2260.059617
-2300.522189
-2210.539865
-2195.540074
-2345.023835
-2295.497159
-2247.284488
-2288.674616
-2294.491822
-2285.830924
-2252.645006
-2292.913751
-2335.853618
-2385.712702
-2366.361059
-2259.098056
-2284.737211
-2355.362946
-2276.232237
-2284.912564
-2220.039420
-2277.626327
-2299.373366
-2313.298538
-2333.684354
-2274.170249
-2250.606689
-2250.013413
-2358.695521
-2276.101967
-2198.499402
-2441.810761
-2207.611155
-2181.570583
-2402.674492
-2303.434774
-2294.423186
-2195.655311
-2309.786737
-2287.141620
-2235.921824
-2300.652905
-2303.035724
-2248.984795
-2231.831629
-2337.472134
-2343.917705
-2308.821504
-2220.352928
-2239.336747
-2254.702813
-2330.849659
-2225.624817
-2266.178776
-2260.113007
-2330.150880
-2225.865090
-2256.042986
-2305.887220
-2213.813399
-2210.138660
-2346.711971
-2313.314589
-2301.997964
-2203.767201
-2352.529603
-2287.538961
-2299.590286
-2268.487318
-2206.759737
-2252.672331
-2229.731913
-2265.319471
-2291.220034
-2242.135341
-2317.507897
-2321.521677
-2311.180849
-2299.434940
-2215.264319
-2369.720231
-2293.620089
-2302.420584
-2294.958850
-2320.952699
-2278.784777
-2379.724298
-2418.223275
-2316.364902
-2309.432239
-2232.092366
-2282.048878
-2262.901618
-2336.825454
-2310.086586
-2404.065276
-2298.977536
-2323.661236
-2268.224652
-2314.380821
-2322.686029
-2185.740087
-2251.249212
-2212.050212
-2300.412787
-2327.749764
-2359.184445
-2345.799161
-2190.144589
-2243.484827
-2263.561488
-2289.954867
-2346.317341
-2291.646732
-2247.485903
-2288.276761
-2314.726751
-2346.587569
-2179.244303
-2240.781852
-2208.336434
-2327.409363
-2334.747688
-2324.608506
-2373.215316
-2325.670210
-2272.157676
-2189.858554
-2238.386835
-2328.685167
-2296.742377
-2286.107956
-2279.923623
-2375.644252
-2244.311837
-2292.889242
-2342.089946
-2314.328480
-2312.605629
-2174.895852
-2354.631088
-2324.960974
-2250.727199
-2286.329860
-2245.365966
-2232.840078
-2230.311251
-2369.337116
-2365.559153
-2245.013255
-2297.971956
-2279.819464
-2333.881000
-2389.026225
-2279.876324
-2236.216592
-2235.468489
-2327.740112
-2198.645949
-2278.836545
-2283.483569
-2282.575514
-2302.893065
-2223.050072
-2371.177538
-2279.028487
-2247.474124
-2307.131245
-2369.696771
-2242.659373
-2245.049665
-2301.468699
-2219.868144
-2343.959666
-2202.428128
-2270.270663
-2268.845968
-2300.386771
-2198.464965
-2233.030257
-2324.114716
-2396.595265
-2317.307842
-2327.994378
-2228.561241
-2268.367639
-2282.016318
-2204.576544
-2309.669862
-2323.473331
-2357.244678
-2359.265640
-2154.754040
-2400.514647
-2205.451588
-2309.719288
-2212.293181
-2240.273420
-2273.673467
-2311.566205
-2278.771185
-2309.836119
-2202.273469
-2425.394982
-2340.770586
-2346.959905
-2314.611381
-2274.327268
-2296.120622
-2373.287182
-2271.738208
-2199.751278
-2240.546859
-2291.818932
-2260.903181
-2290.732769
-2279.449244
-2346.676129
-2240.855475
-2311.512012
-2333.503499
-2269.182246
-2327.056398
-2325.249679
-2218.137701
-2210.360288
-2252.390479
-2140.399719
-2208.944381
-2322.552807
-2239.079634
-2255.083023
-2318.237710
-2263.809267
-2277.633713
-2330.802447
-2326.833872
-2377.141669
-2295.584807
-2297.911122
-2359.888283
-2227.430173
-2350.765156
-2277.552394
-2408.155094
-2248.419928
-2303.530678
-2324.423168
-2246.359350
-2234.600079
-2382.666727
-2303.286597
-2209.585823
-2267.874461
-2229.108831
-2364.586190
-2343.213112
-2216.149590
-2336.446066
-2332.158473
-2251.904682
-2202.144288
-2259.904586
-2129.471512
-2375.922573
-2287.731563
-2294.668148
-2180.496894
-2198.638117
-2238.161666
-2319.268194
-2243.191746
-2339.500032
-2247.574505
-2234.731773
-2301.870631
-2296.848034
-2281.683554
-2281.943737
-2304.569762
-2312.066536
-2354.308918
-2343.011976
-2273.773519
-2255.110407
-2375.587832
-2203.266420
-2279.128808
-2307.954177
-2247.701688
-2279.731905
-2246.709807
-2296.464994
-2279.291052
-2188.517053
-2205.844790
-2204.732267
-2254.922131
-2236.464907
-2266.651071
-2257.550236
-2264.548736
-2291.884962
-2325.654038
-2289.814696
-2178.285968
-2263.381294
-2355.973850
-2301.376608
-2128.858316
-2212.508934
-2293.158902
-2238.263928
-2324.379229
-2250.502131
-2335.698883
-2308.304495
-2275.068730
-2299.471327
-2305.972509
-2258.131140
-2308.037587
-2277.997335
-2249.434405
-2235.224969
-2248.274667
-2221.996394
-2274.086822
-2311.655190
-2234.060384
-2262.160810
-2294.724547
-2282.377139
-2260.346684
-2266.858107
-2165.928704
-2332.696166
-2201.501034
-2205.654905
-2287.592470
-2322.467077
-2258.397898
-2294.060688
-2252.506508
-2309.190850
-2266.075095
-2284.826503
-2347.169444
-2307.942475
-2268.326703
-2272.695307
-2267.963184
-2275.875839
-2320.090232
-2220.558397
-2321.839416
-2272.733338
-2268.957071
-2229.030257
-2322.847671
-2271.365314
-2397.185021
-2254.267712
-2240.736369
-2339.921484
-2299.831510
-2225.332382
-2214.432016
-2224.887173
-2314.830528
-2347.029637
-2300.428478
-2270.998087
-2323.750458
-2357.246164
-2216.903327
-2310.333634
-2300.883698
-2200.323249
-2263.713940
-2341.324272
-2223.077022
-2309.504236
-2250.112664
-2228.249842
-2403.659844
-2321.796339
-2302.764319
-2283.308324
-2368.622353
-2254.645122
-2242.393050
-2234.281336
-2281.878377
-2258.693501
-2349.805604
-2237.105903
-2292.463228
-2300.974991
-2209.708684
-2285.152815
-2253.882347
-2269.739616
-2273.298977
-2339.871226
-2280.236181
-2354.370043
-2292.028767
-2329.066264
-2270.798673
-2304.750651
-2295.355905
-2279.001063
-2271.309537
-2315.829859
-2310.712344
-2331.212848
-2289.564186
-2329.458467
-2267.891067
-2348.196400
-2364.130284
-2218.836717
-2290.167024
-2199.694638
-2206.568548
-2330.339210
-2216.479260
-2294.336071
-2295.312060
-2227.614321
-2297.407803
-2155.044660
-2257.355090
-2248.057267
-2246.210278
-2368.540008
-2154.915029
-2258.652957
-2351.285263
-2267.178461
-2284.145141
-2309.907787
-2300.011956
-2254.364298
-2224.400584
-2229.721313
-2273.630620
-2240.971990
-2273.086047
-2265.726853
-2274.094853
-2342.798925
-2348.556509
-2227.491545
-2234.153657
-2345.197311
-2265.188139
-2308.244945
-2265.034423
-2270.260301
-2324.615491
-2217.388830
-2392.918970
-2359.803603
-2289.842627
-2228.701439
-2268.510610
-2244.437091
-2256.615132
-2350.310340
-2343.828181
-2341.860959
-2270.876246
-2270.515939
-2306.428119
-2302.577872
-2258.842491
-2146.912250
-2349.077408
-2341.443284
-2214.701390
-2300.245764
-2386.231052
-2316.289342
-2251.603001
-2236.293160
-2267.153026
-2253.738185
-2226.435045
-2245.183202
-2209.130991
-2289.196712
-2250.632437
-2185.633644
-2269.499943
-2278.086822
-2306.960913
-2335.250030
-2240.383210
-2262.311451
-2210.317116
-2278.971879
-2264.179003
-2270.133425
-2400.014646
-2321.042868
-2288.437579
-2333.219959
-2275.008332
-2289.576506
-2222.946501
-2322.454036
-2246.243395
-2245.174533
-2339.268392
-2212.866352
-2283.313411
-2267.905314
-2335.140908
-2233.898104
-2257.821678
-2285.838928
-2299.785265
-2259.259773
-2370.538246
-2308.433552
-2378.318934
-2304.883148
-2273.413916
-2249.801111
-2230.572367
-2356.576833
-2311.342137
-2342.523860
-2326.155443
-2383.230156
-2333.235312
-2184.463256
-2236.822041
-2280.602492
-2324.370690
-2199.944959
-2314.718727
-2285.237359
-2253.433761
-2251.549835
-2207.506255
-2258.046385
-2334.417818
-2258.588425
-2206.340698
-2252.068127
-2263.912726
-2226.517762
-2314.678175
-2330.516581
-2365.571363
-2270.206547
-2303.542233
-2373.795077
-2278.704253
-2268.735594
-2307.175615
-2321.213397
-2315.417379
-2263.036599
-2274.801283
-2317.390739
-2232.743711
-2204.165925
-2357.494325
-2299.281379
-2241.545915
-2219.586801
-2233.371615
-2200.215565
-2278.931917
-2210.797953
-2338.511738
-2228.426154
-2164.450424
-2255.081764
-2193.960982
-2340.806924
-2285.771434
-2210.372759
-2304.506310
-2389.238641
-2298.758694
-2255.032876
-2164.404274
-2293.213964
-2269.666064
-2316.061817
-2304.087946
-2247.634917
-2301.740049
-2227.241630
-2231.688973
-2260.321930
-2335.609160
-2351.635673
-2216.592541
-2234.325247
-2274.496436
-2288.577384
-2301.929579
-2216.630079
-2238.794778
-2283.838605
-2144.827906
-2360.847639
-2270.631809
-2301.541660
-2288.433605
-2164.409994
-2299.439871
-2352.861648
-2283.121404
-2194.886413
-2299.276726
-2272.848588
-2235.710696
-2325.135878
-2306.705447
-2371.869061
-2235.090802
-2286.979761
-2223.639578
-2318.944054
-2309.796010
-2292.517615
-2276.360962
-2230.654388
-2272.754921
-2250.390382
-2229.101190
-2385.640461
-2243.579540
-2282.553227
-2250.006857
-2329.552090
-2323.513307
-2359.674424
-2202.031632
-2269.412118
-2245.033076
-2268.310081
-2300.873735
-2249.369493
-2206.749152
-2268.275525
-2335.787690
-2223.221870
-2342.276951
-2344.204012
-2236.301176
-2259.097936
-2386.870982
-2236.332247
-2286.079033
-2248.358604
-2351.647454
-2214.132885
-2264.998439
-2342.992909
-2244.520487
-2273.797761
-2222.889637
-2219.105177
-2348.728060
-2159.899042
-2222.115064
-2311.010248
-2296.445302
-2338.479491
-2173.828030
-2229.990354
-2384.894351
-2422.864961
-2242.708582
-2298.614639
-2227.744553
-2207.880214
-2237.066694
-2230.120775
-2346.278016
-2249.705010
-2341.785173
-2261.015568
-2262.822171
-2218.459505
-2324.908695
-2366.439768
-2313.960054
-2373.782594
-2337.508940
-2309.647304
-2275.239524
-2194.395860
-2237.600996
-2286.021517
-2237.051423
-2266.703797
-2245.169341
-2204.854314
-2244.915421
-2307.080640
-2240.302784
-2243.185193
-2280.423671
-2265.282642
-2372.298323
-2290.530782
-2277.038977
-2266.955442
-2312.398314
-2295.665838
-2242.030803
-2249.947047
-2279.467492
-2288.013211
-2286.519815
-2297.663538
-2263.960170
-2316.414509
-2287.735549
-2346.489791
-2292.031583
-2280.291311
-2258.143335
-2351.924211
-2310.718067
-2310.241088
-2391.538538
-2323.416141
-2323.775807
-2333.900470
-2264.762573
-2237.636093
-2230.922668
-2286.071855
-2308.539393
-2280.298563
-2350.383204
-2275.456398
-2246.912872
-2282.302557
-2386.136968
-2289.455403
-2267.147266
-2246.363123
-2292.015203
-2302.900113
-2280.883469
-2348.610563
-2353.989675
-2238.670514
-2311.961841
-2295.232502
-2249.125727
-2257.196824
-2242.870070
-2224.751723
-2238.060246
-2317.507740
-2220.255290
-2390.970759
-2300.763697
-2301.406605
-2317.850967
-2350.557185
-2240.430340
-2176.337893
-2297.224472
-2235.603789
-2286.702664
-2310.962640
-2288.775422
-2350.124829
-2321.828694
-2310.379412
-2359.333999
-2322.155226
-2290.457601
-2329.378018
-2331.394147
-2309.229469
-2267.464552
-2348.485266
-2209.958717
-2411.411633
-2306.434089
-2326.867508
-2336.583953
-2312.638312
-2312.387907
-2331.275671
-2317.889760
-2279.160819
-2268.278493
-2198.921319
-2274.961456
-2224.127195
-2289.805049
-2285.772986
-2253.837669
-2320.060730
-2242.492297
-2244.678832
-2233.190114
-2262.148050
-2192.666167
-2397.109913
-2337.383828
-2277.674051
-2381.560839
-2316.990646
-2319.353772
-2313.071832
-2296.755543
-2262.068732
-2230.957892
-2246.526491
-2335.823476
-2201.231971
-2280.564864
-2312.256503
-2320.991011
-2315.396631
-2262.807375
-2253.345128
-2273.140835
-2393.056254
-2319.910565
-2297.342795
-2246.732760
-2336.956509
-2209.081861
-2211.307107
-2306.682266
-2217.525983
-2317.946342
-2198.515747
-2238.966974
-2300.960258
-2319.076823
-2269.837992
-2294.193430
-2202.739181
-2392.485669
-2274.656094
-2339.573272
-2388.522421
-2309.185364
-2317.862917
-2226.068472
-2341.955853
-2245.949732
-2258.049359
-2331.744824
-2326.764636
-2295.244478
-2369.201034
-2360.428532
-2307.345230
-2327.531725
-2339.269568
-2263.768633
-2206.140534
-2284.376469
-2308.606305
-2294.354341
-2267.840412
-2309.315583
-2242.095491
-2282.696653
-2302.780155
-2187.499133
-2260.267130
-2298.475762
-2345.179105
-2244.704100
-2310.479063
-2225.501168
-2284.721524
-2315.191132
-2307.780764
-2322.376691
-2295.113012
-2156.690148
-2276.810618
-2302.037517
-2290.941019
-2271.330641
-2255.613879
-2317.762518
-2301.917177
-2279.314358
-2321.356252
-2355.185066
-2247.253842
-2275.130125
-2251.578668
-2250.121303
-2345.032995
-2312.572161
-2235.924300
-2294.503096
-2369.185414
-2354.931689
-2244.147048
-2283.054648
-2238.319319
-2368.067882
-2192.978821
-2216.002916
-2320.299003
-2365.764892
-2287.634829
-2286.416186
-2260.437441
-2320.552269
-2268.257423
-2272.376821
-2310.899652
-2353.357721
-2296.983642
-2256.606867
-2272.469259
-2283.671657
-2190.147115
-2251.993548
-2259.079493
-2285.004611
-2315.180310
-2258.657921
-2355.838192
-2338.621325
-2433.999017
-2290.207818
-2272.897290
-2289.975470
-2239.534918
-2235.901761
