-2269.315490
-2354.889691
-2240.829396
-2302.983665
-2368.990856
-2273.848931
-2314.759490
-2348.023679
-2227.274294
-2307.246479
-2262.737999
-2282.281380
-2301.000165
-2374.478031
-2296.049611
-2285.770362
-2260.669034
-2224.684160
-2271.945663
-2229.639650
-2256.009321
-2284.406734
-2206.085274
-2267.314077
-2396.234651
-2242.035827
-2246.655779
-2255.812586
-2328.826389
-2279.308851
-2222.432564
-2214.972854
-2278.864883
-2318.627214
-2284.700406
-2415.517813
-2303.784803
-2330.171409
-2240.975780
-2349.381787
-2230.665746
-2408.233365
-2296.826253
-2217.723515
-2280.863621
-2312.838407
-2248.965187
-2128.689370
-2269.976841
-2321.355459
-2276.829810
-2206.247514
-2324.911909
-2184.626856
-2260.059617
-2300.522018
-2210.539865
-2195.016621
-2340.784900
-2295.497159
-2247.294614
-2288.398655
-2294.491822
-2285.830924
-2252.645006
-2292.913751
-2335.757208
-2385.712702
-2366.352556
-2259.098056
-2284.737211
-2355.362946
-2276.059760
-2284.912564
-2220.039420
-2277.626327
-2299.373366
-2313.193337
-2333.684354
-2274.170249
-2250.606689
-2250.011793
-2358.695521
-2276.101967
-2198.499402
-2441.810761
-2207.611155
-2181.387737
-2402.674492
-2303.434774
-2294.423186
-2195.655311
-2309.787152
-2287.607374
-2235.921824
-2300.652905
-2299.642551
-2253.315033
-2238.484147
-2341.357590
-2343.558323
-2308.351793
-2219.145370
-2237.924724
-2259.886137
-2341.838653
-2230.194852
-2276.746709
-2260.098673
-2330.150880
-2225.865090
-2256.042986
-2305.874968
-2213.813399
-2210.138660
-2346.711971
-2313.266540
-2300.923523
-2203.767201
-2352.529603
-2286.828480
-2299.590286
-2268.401304
-2206.568148
-2251.928737
-2229.731913
-2265.255874
-2290.886783
-2242.169578
-2317.507897
-2321.513406
-2309.141400
-2298.279703
-2215.264319
-2369.640487
-2293.620089
-2302.413815
-2294.958850
-2320.952699
-2278.784777
-2379.724298
-2417.298306
-2314.064359
-2315.787424
-2236.857365
-2291.426629
-2262.806015
-2336.825454
-2310.086586
-2404.065276
-2298.802810
-2323.661236
-2268.224652
-2314.380821
-2322.686029
-2185.740087
-2251.249212
-2212.050212
-2300.412787
-2327.749764
-2358.544704
-2345.799161
-2190.144589
-2239.447480
-2263.561488
-2289.032597
-2346.317341
-2291.646651
-2247.485903
-2288.276761
-2314.726751
-2346.486368
-2179.244303
-2240.781852
-2208.288031
-2326.915782
-2334.659293
-2324.608506
-2372.396293
-2328.661801
-2270.516443
-2188.663690
-2239.876362
-2328.685167
-2296.742377
-2286.107956
-2279.321480
-2375.644252
-2244.295667
-2292.774189
-2342.074082
-2314.018142
-2312.605629
-2174.895852
-2354.631088
-2324.960974
-2250.629378
-2286.159829
-2245.263962
-2232.840078
-2230.311251
-2369.337116
-2365.221583
-2245.013255
-2296.392381
-2279.819464
-2333.740402
-2389.026225
-2279.876324
-2234.240521
-2235.423596
-2327.740112
-2198.645949
-2277.426791
-2283.484672
-2282.575514
-2302.893065
-2223.050073
-2371.342306
-2279.028487
-2243.349437
-2307.437753
-2369.681960
-2242.659373
-2245.049665
-2301.210646
-2219.868144
-2343.743580
-2202.428128
-2270.270663
-2268.845968
-2300.386771
-2198.464965
-2233.030257
-2324.114716
-2396.595265
-2316.914004
-2327.989428
-2227.573505
-2268.082042
-2280.323000
-2203.347249
-2309.552788
-2322.860738
-2357.515044
-2359.219403
-2154.643159
-2400.468949
-2204.505179
-2309.719348
-2212.293181
-2240.273420
-2273.673467
-2311.547038
-2278.771185
-2309.787333
-2202.273469
-2425.394982
-2340.082731
-2346.959905
-2314.567140
-2274.315732
-2296.034326
-2373.271861
-2271.738208
-2199.751278
-2240.483425
-2291.818932
-2260.903181
-2290.732769
-2279.449244
-2345.569891
-2240.810349
-2311.512012
-2333.503499
-2268.871587
-2326.785508
-2325.249679
-2218.137701
-2210.064737
-2252.390479
-2140.399719
-2208.938260
-2321.283371
-2238.097000
-2255.083023
-2318.237710
-2263.809267
-2276.376464
-2330.802447
-2326.200804
-2377.385502
-2295.584807
-2298.194531
-2359.888283
-2228.050484
-2350.693620
-2277.552394
-2408.155094
-2248.419928
-2303.530678
-2324.407345
-2246.359350
-2234.600079
-2382.649605
-2303.286597
-2209.585823
-2266.630437
-2229.093591
-2364.586190
-2343.213112
-2216.094302
-2336.446066
-2332.158473
-2251.904682
-2202.144288
-2259.101109
-2139.127164
-2374.923554
-2287.731563
-2294.649713
-2180.496894
-2198.638117
-2238.152710
-2319.268194
-2243.191746
-2339.105922
-2246.810325
-2233.049195
-2301.239995
-2296.568177
-2281.683554
-2281.937342
-2304.569762
-2312.025623
-2352.068476
-2340.442029
-2277.252469
-2254.910175
-2375.587832
-2203.266420
-2279.128283
-2307.954177
-2247.701688
-2279.724814
-2246.282381
-2296.464994
-2279.176463
-2188.517001
-2205.274197
-2204.539157
-2254.922131
-2236.348771
-2266.651071
-2257.550236
-2263.639658
-2291.884962
-2325.779790
-2289.799908
-2176.458966
-2263.381294
-2355.792829
-2301.376608
-2128.419242
-2209.765577
-2292.295866
-2236.908122
-2329.632106
-2262.939662
-2335.481853
-2308.304495
-2274.915923
-2297.880658
-2305.755592
-2257.643631
-2308.037587
-2277.997335
-2249.434405
-2235.224969
-2248.274667
-2221.996394
-2274.086822
-2311.655190
-2234.060384
-2261.706359
-2294.327107
-2282.377139
-2260.346684
-2262.562529
-2165.928704
-2332.504911
-2201.377884
-2205.340337
-2288.050512
-2322.467077
-2258.397898
-2293.853155
-2251.832847
-2309.190850
-2266.075095
-2284.826503
-2347.169444
-2307.942475
-2268.326703
-2272.695307
-2266.878314
-2275.875270
-2319.693140
-2220.574769
-2321.380295
-2273.095110
-2268.065240
-2238.211417
-2329.164470
-2281.324765
-2397.185021
-2254.267712
-2240.736369
-2339.631959
-2298.974780
-2230.748738
-2214.432016
-2224.581755
-2314.830528
-2347.029637
-2300.428478
-2270.998087
-2323.750458
-2357.227582
-2213.961921
-2310.333769
-2300.785982
-2200.277834
-2263.713940
-2341.302264
-2222.890843
-2309.489365
-2249.763690
-2228.249842
-2401.580067
-2321.928024
-2301.758861
-2283.308324
-2368.622353
-2254.645122
-2242.393050
-2234.281336
-2281.572951
-2258.693501
-2349.468593
-2236.918553
-2292.463228
-2300.974991
-2209.610431
-2285.148731
-2252.222129
-2269.739616
-2273.298978
-2339.871226
-2280.236181
-2354.349587
-2292.028767
-2329.066264
-2270.798673
-2304.750651
-2294.526961
-2277.902040
-2271.309537
-2315.825187
-2310.712343
-2331.212848
-2288.665848
-2328.860467
-2267.891067
-2348.196400
-2364.130284
-2218.220862
-2290.167024
-2199.694638
-2206.568548
-2329.327277
-2216.479260
-2293.879167
-2295.317755
-2227.614321
-2297.083423
-2155.044660
-2257.292754
-2248.057267
-2246.210278
-2368.540008
-2154.738081
-2258.474575
-2349.737766
-2267.178461
-2284.091563
-2309.907787
-2298.507503
-2252.391800
-2224.534847
-2229.630623
-2272.785338
-2240.748223
-2268.993292
-2265.726853
-2274.094853
-2342.798925
-2348.556509
-2227.491545
-2234.153657
-2345.197311
-2265.157144
-2308.244945
-2265.034423
-2269.360627
-2324.615491
-2217.388830
-2392.918970
-2359.803603
-2289.842627
-2227.873251
-2268.515029
-2244.437091
-2256.087939
-2350.308436
-2343.796992
-2341.860959
-2270.819063
-2270.515939
-2306.428119
-2302.437474
-2258.842491
-2146.912250
-2349.059696
-2341.443284
-2214.701390
-2297.956527
-2386.155978
-2316.289342
-2250.879301
-2236.293160
-2267.153026
-2253.219143
-2225.781322
-2244.907562
-2209.071938
-2285.913077
-2264.167166
-2185.633644
-2269.499943
-2277.653379
-2306.960913
-2334.731888
-2240.414519
-2262.296523
-2208.939073
-2278.506751
-2264.179003
-2269.527288
-2400.124569
-2320.136360
-2288.428719
-2333.279538
-2275.008332
-2289.576506
-2222.475660
-2322.211673
-2246.243395
-2245.174533
-2337.812271
-2212.885096
-2283.313411
-2267.825277
-2335.140908
-2233.898104
-2257.821678
-2285.838928
-2299.785264
-2259.259773
-2370.538246
-2308.433552
-2378.318934
-2304.883237
-2272.752766
-2249.705840
-2230.572367
-2355.840142
-2311.342137
-2342.523860
-2325.953074
-2382.930739
-2333.235312
-2184.463256
-2236.822041
-2280.602492
-2324.370690
-2199.944959
-2314.718727
-2284.388818
-2254.737676
-2251.278009
-2207.506255
-2255.609544
-2334.417818
-2258.588425
-2206.140478
-2252.068127
-2264.101539
-2226.517762
-2314.678175
-2330.334342
-2365.073124
-2270.093878
-2303.172332
-2373.033673
-2281.682209
-2268.024163
-2307.199029
-2321.213397
-2315.374191
-2263.036599
-2274.801283
-2317.390739
-2232.743711
-2202.505416
-2357.494325
-2299.050056
-2241.545915
-2219.586801
-2233.371615
-2200.215565
-2278.931917
-2210.241421
-2338.511738
-2228.372604
-2169.343873
-2255.081764
-2193.960982
-2340.806924
-2285.771434
-2210.372759
-2304.506310
-2389.238641
-2298.758694
-2255.032876
-2164.404274
-2290.690312
-2269.666064
-2315.791399
-2304.087946
-2247.634917
-2301.362592
-2227.241630
-2230.801260
-2260.321930
-2335.943517
-2351.150221
-2214.688814
-2238.384995
-2273.236332
-2289.556948
-2301.929579
-2216.630079
-2237.358465
-2287.554816
-2143.937731
-2360.847639
-2270.631809
-2301.541660
-2288.242679
-2164.409994
-2299.439871
-2352.758402
-2283.121404
-2194.886413
-2295.237679
-2272.888615
-2235.710696
-2325.135878
-2306.705447
-2371.869061
-2234.042443
-2289.847516
-2231.010534
-2327.588571
-2316.169979
-2301.345769
-2275.957248
-2230.654388
-2272.754921
-2250.390382
-2229.101190
-2384.935242
-2243.501652
-2282.553227
-2248.564148
-2328.600821
-2323.513307
-2359.552435
-2202.031632
-2267.218351
-2245.033076
-2268.310081
-2298.252693
-2249.369493
-2206.002741
-2268.275525
-2335.605064
-2223.048122
-2342.276951
-2344.204012
-2236.301176
-2259.084422
-2386.870982
-2236.332247
-2285.889335
-2245.885874
-2351.635904
-2215.261117
-2264.784478
-2343.008750
-2244.283439
-2272.581762
-2222.889637
-2219.105177
-2348.728060
-2159.225661
-2222.115064
-2311.010248
-2295.304906
-2338.469444
-2173.655890
-2229.990354
-2384.894351
-2422.864961
-2242.626035
-2298.574914
-2227.517463
-2207.876873
-2237.066694
-2229.560719
-2346.191224
-2249.705010
-2341.785173
-2259.643460
-2262.822171
-2217.897475
-2324.796420
-2366.439768
-2314.512768
-2379.365392
-2343.093565
-2324.360330
-2275.239524
-2194.395860
-2237.558871
-2286.021517
-2237.051423
-2266.703797
-2244.494523
-2204.781018
-2250.135363
-2307.080640
-2240.273518
-2243.161087
-2279.949576
-2264.470131
-2371.931551
-2290.530782
-2277.038977
-2266.955442
-2312.398314
-2295.665838
-2242.030803
-2249.947047
-2279.467492
-2288.013211
-2285.497409
-2297.663538
-2263.671714
-2316.380601
-2287.651221
-2346.489791
-2292.031583
-2279.841558
-2259.656284
-2351.924211
-2310.036548
-2310.241088
-2390.034202
-2323.416141
-2323.662880
-2333.900470
-2264.762573
-2236.611720
-2230.362192
-2286.071855
-2308.364444
-2280.332394
-2349.824970
-2275.228173
-2246.912872
-2282.302557
-2385.986313
-2288.932965
-2267.104892
-2246.270829
-2291.310161
-2302.900113
-2280.883469
-2348.610563
-2353.989675
-2238.568841
-2311.961841
-2295.232502
-2249.125727
-2256.881292
-2242.870070
-2224.751723
-2238.060246
-2317.507740
-2220.212772
-2390.970759
-2300.763697
-2301.120435
-2317.836476
-2350.557185
-2239.998557
-2176.337893
-2296.784261
-2235.579812
-2286.680146
-2310.962640
-2288.742817
-2350.124829
-2321.828694
-2310.379412
-2357.400692
-2322.120477
-2290.457599
-2329.340322
-2331.394147
-2306.904064
-2265.572713
-2347.830599
-2209.958717
-2411.411633
-2305.676475
-2340.295050
-2340.185323
-2321.070587
-2310.767440
-2331.275671
-2318.749618
-2277.648853
-2268.278493
-2198.921319
-2274.861389
-2224.127195
-2289.805049
-2285.495945
-2253.513398
-2317.500763
-2242.492297
-2244.678832
-2233.038679
-2262.148050
-2192.661542
-2396.975953
-2337.383828
-2277.674051
-2381.560839
-2316.990646
-2319.353772
-2313.071832
-2296.755509
-2262.068732
-2228.481227
-2246.344757
-2335.823476
-2201.231971
-2279.728822
-2311.618284
-2320.937373
-2315.396631
-2262.807375
-2252.282780
-2273.157324
-2393.056254
-2319.910565
-2297.342795
-2245.671981
-2336.753966
-2209.081861
-2210.925934
-2306.682266
-2217.525983
-2317.946342
-2198.515747
-2238.966974
-2300.960258
-2319.076823
-2269.370539
-2294.193430
-2202.739181
-2392.485669
-2274.656094
-2339.573272
-2388.519626
-2308.146267
-2317.009115
-2226.068472
-2341.955853
-2245.949732
-2258.049359
-2331.621069
-2326.764636
-2295.244478
-2369.201034
-2359.614893
-2307.345230
-2327.531725
-2339.269568
-2263.518451
-2206.098469
-2283.084297
-2308.606305
-2294.348360
-2267.840412
-2306.085019
-2242.042836
-2282.578696
-2302.780155
-2187.499133
-2260.267130
-2298.475762
-2345.179105
-2244.704100
-2309.585401
-2225.501168
-2284.721524
-2314.812231
-2307.780764
-2322.376691
-2295.113012
-2156.593485
-2276.810005
-2302.037517
-2290.941019
-2271.330641
-2255.613879
-2317.857672
-2301.478470
-2279.314358
-2321.346613
-2355.185066
-2247.253842
-2275.130125
-2251.578668
-2250.121303
-2344.916014
-2310.636076
-2235.133572
-2304.910291
-2369.185414
-2354.931689
-2244.147048
-2278.199177
-2238.441935
-2367.333756
-2192.978821
-2216.002916
-2317.425050
-2365.764892
-2287.634829
-2286.206163
-2260.437441
-2320.449459
-2268.222254
-2272.376821
-2310.899652
-2351.533904
-2296.983642
-2257.183520
-2272.469259
-2282.663703
-2190.180076
-2251.980173
-2260.456653
-2284.181429
-2315.180310
-2258.648916
-2355.829459
-2338.568083
-2433.999017
-2289.480890
-2272.897290
-2287.257220
-2239.534918
-2235.901761
