-1117.046125
-1101.385156
-1172.809100
-1147.367884
-1176.101947
-1129.652965
-1159.682046
-1145.636345
-1122.161177
-1122.338170
-1107.609130
-1156.782901
-1127.137287
-1120.438137
-1185.697660
-1192.021625
-1162.348803
-1142.659003
-1142.535866
-1114.627897
-1203.261606
-1135.853056
-1181.395615
-1108.037283
-1202.581007
-1126.362383
-1143.299111
-1123.110789
-1167.897878
-1130.788518
-1206.740175
-1139.658037
-1167.599969
-1112.385877
-1124.398834
-1090.012084
-1081.967454
-1167.129825
-1117.187578
-1115.931828
-1176.182050
-1131.911803
-1206.162647
-1145.578883
-1182.473469
-1134.072240
-1084.918634
-1213.275134
-1136.605149
-1185.485728
-1092.959093
-1162.095438
-1105.968409
-1107.715420
-1195.047076
-1005.727381
-1140.949246
-1211.346788
-1118.558835
-1178.456888
-1100.130775
-1092.185360
-1064.727399
-1121.958009
-1066.980923
-1174.857171
-1100.231818
-1159.475227
-1121.916158
-1144.270265
-1139.124529
-1169.688105
-1168.109441
-1136.262264
-1118.881746
-1154.596715
-1118.968833
-996.637585
-1124.403720
-1192.899780
-1109.077505
-1144.385617
-1113.159996
-1122.618510
-1172.731208
-1101.683309
-1107.012435
-1152.473710
-1114.182165
-1185.483711
-1132.002239
-1070.976627
-1106.485304
-1190.820895
-1111.433014
-1131.425792
-1137.941813
-1106.217928
-1089.557459
-1146.558121
-1195.558849
-1085.262267
-1130.569729
-1118.860594
-1200.156684
-1201.117416
-1106.769750
-1133.793364
-1123.923412
-1109.264412
-1206.356325
-1160.829586
-1129.525168
-1076.595685
-1139.663663
-1077.017873
-1221.570811
-1131.494636
-1168.173090
-1149.754636
-1150.315566
-1140.204373
-1173.913117
-1073.941660
-1155.194538
-1112.919781
-1177.417651
-1147.942897
-1121.434831
-1099.533844
-1158.471287
-1165.089925
-1124.757606
-1147.591819
-1172.530605
-1131.989935
-1178.462914
-1176.699532
-1111.703165
-1086.630439
-1176.742154
-1083.919467
-1142.142675
-1183.090499
-1160.258906
-1109.200057
-1117.440905
-1122.892264
-1188.863218
-1162.944066
-1137.859665
-1162.263440
-1156.386644
-1135.542614
-1107.565801
-1138.669821
-1150.507825
-1108.574145
-1071.664789
-1118.373505
-1106.393235
-1141.255850
-1080.980172
-1085.520843
-1198.595120
-1123.909316
-1201.524399
-1141.760213
-1109.823852
-1175.291719
-1184.606730
-1157.888459
-1134.899610
-1094.250939
-1095.720202
-1179.164217
-1143.360156
-1161.021917
-1123.594398
-1096.947157
-1192.707705
-1150.725226
-1110.483814
-1135.910148
-1029.036089
-1154.434891
-1147.878122
-1136.676198
-1113.167892
-1086.467819
-1150.354991
-1105.146982
-1097.539014
-1152.695592
-1130.330159
-1192.468811
-1164.879243
-1116.175037
-1128.281638
-1086.804137
-1158.737693
-1120.601554
-1187.739401
-1044.254349
-1155.787635
-1117.704832
-1143.660035
-1164.353299
-1175.568146
-1158.467659
-1108.977630
-1146.949176
-1158.769104
-1124.756797
-1038.113506
-1135.449702
-1012.260622
-1126.672129
-1128.871009
-1138.930594
-1188.916059
-1017.624565
-1129.961509
-1114.060667
-1124.399498
-1145.251228
-1133.906587
-1104.228627
-1082.083487
-1054.213710
-1086.172819
-1150.880949
-1094.385267
-1134.009439
-1095.120286
-1099.214071
-1060.829568
-1152.638108
-1144.267730
-1106.907431
-1092.787003
-1217.617751
-1094.258712
-1151.335804
-1196.659918
-1081.134003
-1099.789305
-1121.397779
-1142.300308
-1157.817735
-1120.092731
-1125.570412
-1118.715501
-1143.786077
-1164.125154
-1119.588341
-1158.189208
-1191.687444
-1170.013618
-1125.533128
-1209.750186
-1105.498605
-1140.748356
-1185.960797
-1109.625511
-1113.615297
-1102.711869
-1141.025504
-1140.165277
-1117.217943
-1140.270281
-1115.886489
-1173.577346
-1123.285215
-1112.345778
-1194.236497
-1178.560766
-1133.477671
-1123.642826
-1108.907152
-1159.213989
-1177.257543
-1177.510924
-1179.361388
-1134.700257
-1111.132977
-1214.340351
-1093.031847
-1185.907859
-1128.515438
-1103.230257
-1139.077150
-1132.772590
-1145.870730
-1180.342000
-1162.136267
-1175.258717
-1096.584309
-1193.541988
-1202.333850
-1209.640866
-1119.264793
-1123.903791
-1166.217257
-1178.302177
-1147.162697
-1072.411241
-1099.779957
-1087.961870
-1179.120850
-1081.007934
-1181.759175
-1191.909656
-1218.050833
-1137.356248
-1095.607979
-1170.855747
-1169.810706
-1131.837977
-1118.996270
-1134.659553
-1137.438437
-1225.877981
-1216.789127
-1071.356265
-1135.440461
-1162.851354
-1161.164637
-1095.718686
-1157.474826
-1171.897349
-1118.192309
-1178.883893
-1117.318570
-1113.979784
-1135.068380
-1141.642263
-1098.565296
-1065.080829
-1117.199786
-1155.807221
-1108.324218
-1142.590586
-1163.548191
-1137.328967
-1128.621955
-1172.679449
-1112.919212
-1089.508014
-1102.552374
-1113.502003
-1110.130499
-1127.893213
-1155.057524
-1171.626237
-1173.233173
-1223.560748
-1110.280266
-1120.982825
-1143.082410
-1122.778873
-1175.991097
-1144.012284
-1151.868188
-1118.829940
-1097.204433
-1152.790265
-1180.769617
-1110.211797
-1093.208408
-1160.147223
-1102.221844
-1157.617295
-1082.968584
-1101.914107
-1152.337784
-1132.806731
-1092.930946
-1176.981379
-1137.265287
-1198.883387
-1198.222562
-1155.595256
-1132.685747
-1169.515048
-1091.441932
-1185.573210
-1089.363503
-1149.433056
-1166.927722
-1189.991025
-1151.998045
-1216.689562
-1101.293056
-1109.975773
-1170.055883
-1131.359107
-1071.784895
-1059.300684
-1153.924796
-1151.395170
-1112.501693
-1163.596213
-1126.771721
-1105.312938
-1115.159596
-1162.530040
-1119.763932
-1128.162479
-1208.263916
-1138.831694
-1186.960366
-1179.486721
-1217.037142
-1201.898480
-1141.322919
-1144.124012
-1117.496238
-1105.812674
-1142.408396
-1138.876257
-1138.940559
-1135.039374
-1121.848140
-1141.281457
-1164.764749
-1084.317905
-1110.345646
-1108.115360
-1137.407479
-1123.021059
-1182.016489
-1089.699232
-1145.264009
-1164.917900
-1079.777896
-1156.858262
-1178.388246
-1103.457537
-1153.060213
-1206.185488
-1139.004141
-1151.948352
-1113.198197
-1152.755816
-1208.782200
-1164.348111
-1179.394071
-1143.920137
-1139.131954
-1066.400073
-1154.888213
-1108.318750
-1166.686554
-1121.039541
-1077.081339
-1219.105191
-1100.912986
-1128.979202
-1150.352415
-1144.073565
-1155.574771
-1163.415768
-1224.940342
-1118.145038
-1147.502440
-1121.236006
-1031.851406
-1148.017006
-1207.635770
-1143.944258
-1152.545650
-1174.573420
-1151.883090
-1144.942414
-1101.349216
-1141.830277
-1091.819314
-1141.194552
-1154.355628
-1153.122204
-1195.420920
-1146.921765
-1106.563871
-1211.128717
-1076.407074
-1132.027708
-1135.194242
-1132.459862
-1133.586074
-1177.115319
-1151.071273
-1053.315419
-1136.057524
-1110.048110
-1173.903178
-1104.420091
-1160.950380
-1121.258222
-1223.096830
-1111.603789
-1220.687807
-1154.334848
-1131.273462
-1202.648699
-1156.347922
-1170.397278
-1214.080708
-1123.503930
-1097.720494
-1067.385811
-1117.496109
-1140.644771
-1105.580379
-1183.463356
-1117.026263
-1167.908652
-1128.175068
-1184.571863
-1143.939493
-1171.766206
-1154.589980
-1061.503982
-1119.526538
-1127.659524
-1125.786454
-1163.026141
-1102.304854
-1158.053170
-1208.948704
-1170.876382
-1118.467336
-1166.435545
-1204.810619
-1104.923573
-1080.523747
-1088.094084
-1127.886096
-1193.565370
-1146.047929
-1069.179236
-1158.851392
-1180.211926
-1097.285715
-1153.482066
-1167.077938
-1156.939821
-1175.265427
-1145.863067
-1169.907051
-1168.334459
-1149.889404
-1143.336500
-1092.061369
-1168.725418
-1132.206777
-1111.972942
-1138.329629
-1115.948826
-1183.084843
-1121.626030
-1124.886098
-1125.977730
-1112.781171
-1173.607993
-1159.695551
-1124.919391
-1171.958087
-1147.987671
-1148.617907
-1122.791092
-1119.667853
-1113.537383
-1167.746935
-1188.106015
-1164.565123
-1109.181363
-1147.477721
-1211.900112
-1263.825564
-1222.900621
-1127.446072
-1108.691819
-1133.810371
-1141.939021
-1116.027435
-1165.124444
-1155.620671
-1079.148832
-1163.298687
-1113.749895
-1152.899987
-1112.868963
-1142.431098
-1112.503258
-1114.690500
-1124.533509
-1226.712666
-1150.294880
-1148.787491
-1119.942781
-1195.745845
-1167.271791
-1126.294003
-1194.030797
-1078.650124
-1160.964900
-1197.010645
-1122.148945
-1127.293382
-1241.178885
-1168.062882
-1144.522302
-1097.204807
-1068.899491
-1158.076131
-1103.255080
-1207.968976
-1109.247151
-1161.135145
-1104.692756
-1143.347913
-1155.703915
-1125.916996
-1164.051926
-1136.805206
-1125.101470
-1151.987137
-1084.793648
-1184.331002
-1079.003710
-1065.866361
-1140.633906
-1132.371881
-1096.042027
-1185.767245
-1163.097671
-1186.911317
-1163.647199
-1101.243952
-1096.378173
-1117.934568
-1121.770606
-1124.257150
-1075.533412
-1146.548858
-1135.783471
-1140.630908
-1178.415127
-1150.727551
-1162.967359
-1110.154812
-1188.910665
-1164.805502
-1181.012352
-1142.678089
-1190.329634
-1145.239184
-1159.626704
-1118.376955
-1111.357200
-1121.037921
-1163.584582
-1107.796761
-1150.185135
-1094.551778
-1113.912650
-1169.214620
-1131.688700
-1087.578917
-1147.335721
-1200.898186
-1170.639309
-1137.902578
-1130.179677
-1139.078422
-1071.316353
-1203.855902
-1138.126861
-1119.996124
-1148.976799
-1102.501058
-1098.426473
-1155.146701
-1190.063694
-1125.213967
-1087.664180
-1213.002055
-1128.330725
-1135.517457
-1111.969674
-1196.973448
-1151.012586
-1138.671431
-1118.822231
-1127.563960
-1175.297530
-1073.472125
-1092.255192
-1120.736731
-1149.757391
-1109.861370
-1110.424213
-1177.506283
-1211.569895
-1088.254701
-1082.573511
-1195.957095
-1164.974438
-1206.078762
-1198.754464
-1172.361484
-1184.774216
-1138.843000
-1211.416952
-1203.577143
-1119.774884
-1075.156867
-1165.636459
-1074.335718
-1177.410602
-1158.897006
-1206.943680
-1111.494762
-1139.138138
-1105.755967
-1127.672200
-1055.540933
-1130.078201
-1100.294514
-1090.125911
-1127.626930
-1129.012254
-1161.590621
-1131.674558
-1106.437740
-1142.838082
-1085.549148
-1178.391981
-1178.701035
-1150.574704
-1123.101200
-1157.274049
-1140.403909
-1116.244871
-1159.474879
-1109.070234
-1133.028508
-1148.151833
-1168.516280
-1111.931983
-1073.572941
-1172.360841
-1112.951456
-1130.309382
-1115.436818
-1044.296811
-1132.379010
-1137.592475
-1045.669714
-1150.801097
-1154.717736
-1156.061896
-1120.941847
-1115.222563
-1132.332568
-1141.595959
-1077.055359
-1118.357293
-1105.378120
-1149.762664
-1115.771988
-1086.750480
-1144.003219
-1119.724523
-1136.299921
-1181.560629
-1083.105077
-1099.093646
-1047.437073
-1150.682295
-1119.663388
-1142.689481
-1151.247821
-1109.466171
-1112.250694
-1163.138248
-1090.173346
-1164.577590
-1111.401250
-1166.106851
-1165.692218
-1137.123935
-1083.882937
-1152.530049
-1091.037096
-1084.492646
-1150.434125
-1148.515519
-1157.282031
-1149.154661
-1156.419103
-1205.956587
-1136.701036
-1144.488139
-1108.118984
-1156.090442
-1097.560405
-1129.627196
-1111.158795
-1085.296128
-1152.438489
-1140.986163
-1210.140269
-1134.296867
-1135.142495
-1116.351211
-1149.026642
-1094.892383
-1086.251047
-1145.647966
-1170.494251
-1137.189845
-1158.557255
-1140.464100
-1113.072998
-1111.732723
-1143.901946
-1134.958323
-1061.872362
-1192.298559
-1108.709120
-1180.328223
-1126.019477
-1118.106435
-1085.521557
-1162.414384
-1150.433419
-1156.670094
-1100.546889
-1102.644653
-1090.647089
-1100.345024
-1136.691786
-1150.782052
-1106.312253
-1196.118569
-1168.624682
-1198.634760
-1154.920465
-1117.267780
-1177.888302
-1120.361495
-1149.316427
-1139.756400
-1116.480739
-1080.180636
-1122.835663
-1184.966648
-1068.634185
-1175.061929
-1100.119343
-1151.422889
-1145.750229
-1166.745207
-1128.459854
-1136.613425
-1138.322689
-1145.655287
-1167.112288
-1118.716913
-1141.900032
-1081.883246
-1161.714704
-1098.695474
-1162.523992
-1127.433633
-1147.396652
-1107.836395
-1129.971038
-1125.277731
-1134.405934
-1143.479971
-1173.233714
-1142.311578
-1135.452886
-1112.509173
-1184.067781
-1135.363625
-1134.357336
-1141.920053
-1149.169245
-1113.868565
-1078.442495
-1192.157496
-1053.882982
-1091.367414
-1187.727696
-1115.897863
-1136.106673
-1163.381806
-1084.165813
-1130.097272
-1172.358884
-1141.401963
-1151.169769
-1126.554381
-1065.418267
-1105.445659
-1143.109174
-1162.979091
-1148.905908
-1190.105855
-1118.223864
-1138.218083
-1178.731105
-1170.121783
-1162.608020
-1174.673374
-1152.594657
-1154.053388
-1169.546727
-1134.803644
-1164.877654
-1133.132477
-1139.848538
-1162.793397
-1171.194848
-1126.283920
-1051.528185
-1137.791797
-1150.585196
-1099.988768
-1152.480629
-1167.215703
-1117.564313
-1165.879040
-1127.318502
-1124.208885
-1146.802174
-1182.822017
-1079.460181
-1171.048390
-1117.069434
-1108.770595
-1134.160468
-1166.447630
-1121.299771
-1115.134409
-1127.405061
-1154.585184
-1166.228037
-1088.544814
-1104.111858
-1128.486492
-1193.625322
-1143.386443
-1170.031125
-1064.630578
-1111.613769
-1082.010789
-1117.962497
-1124.707006
-1123.451256
-1126.043280
-1132.381456
-1104.022050
-1154.756888
-1129.253366
-1145.144476
-1155.585928
-1147.937170
-1080.011987
-1157.911543
-1130.156828
-1113.329473
-1143.610955
-1138.036642
-1171.979991
-1068.764508
-1191.775944
-1180.678260
-1114.982290
-1199.412251
-1157.347649
-1114.296639
-1155.715408
-1115.327266
-1171.553143
-1176.588800
-1155.267536
-1170.065271
-1139.463307
-1126.739863
-1174.018728
-1106.790119
-1188.286186
-1120.408618
-1139.175378
-1176.210577
