-4600.108183
-4552.289849
-4546.264900
-4671.502953
-4594.744243
-4525.986066
-4581.824183
-4542.982089
-4509.376940
-4595.427875
-4559.834091
-4452.121905
-4616.793357
-4495.215865
-4638.965261
-4498.430187
-4588.413950
-4662.505213
-4663.808195
-4579.970035
-4585.061228
-4593.560283
-4671.116502
-4464.536436
-4799.104994
-4503.409637
-4548.361000
-4703.809109
-4538.664763
-4596.273530
-4553.325079
-4612.146126
-4663.059293
-4546.469715
-4552.591742
-4602.151484
-4653.469198
-4567.323957
-4563.341237
-4561.595888
-4424.722023
-4763.331226
-4567.347804
-4515.432497
-4603.892216
-4575.340107
-4643.352861
-4477.635914
-4464.937887
-4707.572886
-4512.912627
-4583.538922
-4622.400851
-4610.197299
-4650.612471
-4485.073232
-4564.582836
-4585.392476
-4556.464426
-4501.666461
-4633.309125
-4591.469199
-4634.830491
-4552.741018
-4565.474252
-4571.524711
-4571.762762
-4527.238566
-4589.675730
-4492.234705
-4678.175161
-4661.993306
-4582.834315
-4570.782454
-4688.078979
-4647.031551
-4671.014343
-4504.285935
-4541.108146
-4528.720201
-4696.710882
-4491.145223
-4645.305457
-4625.008917
-4535.666812
-4561.229052
-4617.735580
-4620.382832
-4607.163022
-4663.034807
-4548.263372
-4674.951982
-4633.645293
-4557.053722
-4527.040487
-4519.244886
-4677.287473
-4647.938672
-4630.147350
-4504.569966
-4577.961850
-4526.678662
-4546.790799
-4660.963357
-4611.431018
-4491.429134
-4532.413237
-4492.513208
-4506.386470
-4515.011735
-4462.856824
-4541.752620
-4534.267607
-4535.849406
-4551.125294
-4622.904922
-4681.821072
-4734.136359
-4602.575703
-4611.362875
-4549.239029
-4672.881161
-4672.470378
-4623.798248
-4598.998485
-4698.783158
-4624.185991
-4528.463558
-4591.674495
-4574.611278
-4662.763556
-4585.055576
-4550.644893
-4515.833048
-4581.642055
-4651.509530
-4572.554030
-4702.272604
-4565.401395
-4562.879443
-4476.632491
-4564.552222
-4639.423815
-4627.444141
-4645.328741
-4519.843352
-4585.387440
-4643.346679
-4560.073109
-4618.412630
-4670.102785
-4604.393410
-4693.034884
-4644.867218
-4744.341603
-4460.813890
-4492.422518
-4406.200269
-4498.478253
-4696.470382
-4491.103195
-4553.506153
-4617.049973
-4697.585714
-4485.150947
-4553.800439
-4515.225714
-4393.931650
-4574.005727
-4609.618709
-4388.265620
-4661.521471
-4573.613725
-4512.750971
-4502.315299
-4504.602018
-4572.755880
-4484.221606
-4616.352341
-4628.268062
-4601.298305
-4517.597361
-4475.184748
-4642.975214
-4750.866078
-4479.138902
-4515.438715
-4575.789199
-4477.452802
-4548.898924
-4507.680855
-4455.763045
-4583.635263
-4628.633731
-4570.232634
-4559.496664
-4574.718195
-4645.235109
-4425.490475
-4510.115650
-4528.871427
-4481.192741
-4595.593516
-4613.942130
-4492.331091
-4634.071218
-4530.739596
-4642.453636
-4515.843995
-4623.329357
-4607.144816
-4588.811610
-4652.019358
-4671.617918
-4574.100784
-4521.625147
-4531.908298
-4641.001142
-4461.470424
-4589.173139
-4586.350559
-4698.471136
-4501.455090
-4484.895324
-4509.130281
-4567.882575
-4545.450660
-4637.295353
-4501.240029
-4626.173092
-4610.403896
-4507.230015
-4499.227992
-4500.440206
-4498.223271
-4682.251325
-4472.058179
-4534.801243
-4464.957542
-4464.962293
-4604.675671
-4618.016500
-4576.587946
-4468.066039
-4625.774839
-4600.814628
-4513.828159
-4573.782784
-4650.750105
-4549.553422
-4562.676234
-4617.964657
-4551.045867
-4670.774258
-4602.619746
-4499.250010
-4627.716035
-4560.981589
-4556.063004
-4602.599160
-4740.851667
-4485.174648
-4563.464512
-4713.357558
-4612.812820
-4572.295334
-4513.930659
-4648.674134
-4561.618743
-4441.938581
-4605.030072
-4582.265226
-4618.502918
-4522.817522
-4592.889968
-4583.130183
-4567.205904
-4533.386270
-4594.208136
-4683.515873
-4561.643679
-4602.339756
-4530.780287
-4554.030336
-4600.326672
-4552.458131
-4554.800625
-4614.040706
-4609.027426
-4510.204740
-4562.347238
-4531.080239
-4726.142330
-4536.873888
-4609.021517
-4661.724829
-4670.161439
-4722.097106
-4588.486038
-4586.813873
-4557.702068
-4734.113267
-4615.566608
-4617.668736
-4436.583982
-4596.187274
-4464.795396
-4427.337424
-4560.901284
-4526.691290
-4561.501940
-4590.498702
-4553.324251
-4446.775085
-4500.482058
-4659.575989
-4663.982313
-4551.469578
-4612.619111
-4478.664336
-4614.160789
-4551.624931
-4467.773074
-4678.545934
-4548.387474
-4532.272476
-4452.003605
-4632.132465
-4725.125483
-4627.362088
-4554.380412
-4493.707042
-4577.984784
-4589.054613
-4570.228097
-4527.721633
-4752.085579
-4584.584208
-4631.647348
-4569.515606
-4612.395189
-4544.346292
-4546.893558
-4538.760385
-4564.405962
-4592.209275
-4561.864737
-4540.585578
-4610.560998
-4577.386831
-4627.197150
-4664.676535
-4537.915417
-4504.002915
-4626.939898
-4713.840462
-4658.686024
-4578.510963
-4596.964465
-4527.888415
-4570.438941
-4576.677277
-4568.836222
-4459.025054
-4556.251818
-4449.790297
-4577.359194
-4622.642312
-4555.989912
-4412.114359
-4564.186623
-4562.836849
-4706.660206
-4647.282195
-4654.788135
-4545.661497
-4566.583433
-4561.901863
-4628.536389
-4543.878693
-4527.126235
-4537.487656
-4567.705084
-4680.559745
-4641.338171
-4425.883083
-4539.093485
-4685.932315
-4567.255470
-4492.680353
-4540.225250
-4524.166612
-4548.500221
-4648.691892
-4780.170270
-4552.979232
-4595.000277
-4556.697902
-4589.124271
-4525.036029
-4559.009167
-4514.534616
-4630.275911
-4634.936547
-4582.069539
-4647.063394
-4624.552132
-4571.645515
-4530.881782
-4522.122596
-4485.611523
-4645.693336
-4617.869191
-4556.358549
-4627.001330
-4567.375422
-4708.739051
-4590.087909
-4528.228583
-4636.729772
-4605.466971
-4529.998117
-4532.578856
-4531.630319
-4713.966297
-4560.533124
-4772.313742
-4686.463538
-4588.186319
-4561.532830
-4536.973539
-4667.682032
-4545.971949
-4611.712741
-4763.915667
-4557.886006
-4731.392378
-4659.542149
-4569.595246
-4690.301885
-4609.893610
-4574.504028
-4501.766981
-4565.021154
-4612.865999
-4623.578053
-4657.912691
-4589.979284
-4641.955314
-4658.253522
-4617.206518
-4635.703727
-4586.841345
-4653.517112
-4567.828708
-4610.105987
-4696.132272
-4584.132086
-4670.333496
-4648.644568
-4591.574130
-4542.820766
-4585.762830
-4597.923603
-4535.863654
-4653.206390
-4527.498161
-4640.647892
-4660.376515
-4587.484029
-4554.693087
-4590.139116
-4508.889675
-4654.552317
-4704.622465
-4616.696688
-4580.475895
-4660.831596
-4467.204781
-4443.361076
-4499.800531
-4476.815163
-4647.043589
-4461.609640
-4556.471582
-4575.094557
-4622.326231
-4630.483561
-4468.409233
-4569.548468
-4632.095624
-4463.005345
-4648.377685
-4581.432177
-4479.942942
-4614.026316
-4572.147118
-4611.971607
-4528.955311
-4568.761223
-4596.285622
-4607.278927
-4586.247102
-4556.281042
-4603.531159
-4621.269301
-4640.657746
-4613.005783
-4627.772067
-4587.799627
-4652.844745
-4516.533207
-4599.175803
-4593.214108
-4502.123571
-4490.356465
-4545.065127
-4788.645408
-4587.291385
-4722.226920
-4558.548455
-4567.643851
-4648.447121
-4540.760488
-4576.448849
-4552.299311
-4514.261705
-4604.081277
-4485.739467
-4585.238660
-4554.948140
-4561.567176
-4569.346945
-4677.473250
-4629.000538
-4593.740343
-4636.476022
-4563.218157
-4533.251849
-4673.835591
-4457.814703
-4655.769622
-4606.326797
-4572.625469
-4604.804764
-4639.863632
-4571.100347
-4456.037768
-4573.384577
-4493.042432
-4526.640940
-4690.540472
-4460.694211
-4472.089460
-4584.189978
-4706.883972
-4629.012141
-4670.830667
-4599.638114
-4603.099582
-4734.116837
-4560.493135
-4597.643521
-4564.627016
-4496.206791
-4642.766271
-4469.164628
-4484.120487
-4531.443647
-4511.631126
-4603.005440
-4622.065144
-4545.801204
-4633.856545
-4640.212236
-4509.783717
-4501.286812
-4651.963964
-4527.576466
-4611.685142
-4592.658476
-4638.587955
-4645.115388
-4584.936787
-4661.140584
-4414.109732
-4687.884399
-4574.276278
-4541.029371
-4540.888785
-4676.105330
-4708.977801
-4535.439858
-4559.893485
-4422.158918
-4616.200547
-4633.309259
-4473.017880
-4632.459116
-4569.353822
-4530.505005
-4426.561974
-4615.021243
-4705.633504
-4576.797056
-4618.128544
-4679.426997
-4537.182363
-4597.618687
-4656.220907
-4575.327158
-4632.654962
-4508.717975
-4573.701651
-4520.026778
-4610.492197
-4590.458012
-4683.830670
-4561.796572
-4802.807369
-4532.961325
-4607.792311
-4605.583626
-4540.194912
-4555.402914
-4560.201726
-4545.676626
-4473.281105
-4718.006359
-4689.389623
-4651.118066
-4687.314645
-4534.294198
-4539.725254
-4551.644237
-4587.577466
-4607.127347
-4705.036131
-4470.565450
-4700.440157
-4625.465376
-4545.590358
-4579.890112
-4757.278864
-4558.532808
-4594.645599
-4566.502778
-4621.548414
-4703.640087
-4599.607706
-4534.436993
-4579.646286
-4447.258693
-4656.681765
-4559.711687
-4554.854566
-4674.252121
-4628.516647
-4575.388575
-4602.705926
-4609.912981
-4586.359700
-4570.278889
-4602.394366
-4621.547634
-4587.645365
-4619.056677
-4519.764896
-4538.417387
-4512.873847
-4576.567956
-4634.890311
-4518.674535
-4675.829496
-4592.170460
-4538.471911
-4680.749425
-4671.153236
-4485.591858
-4666.068041
-4598.640176
-4677.379122
-4390.165531
-4647.133536
-4452.068376
-4642.015692
-4625.922267
-4608.100405
-4624.610008
-4548.384017
-4522.573516
-4471.411637
-4569.570312
-4629.284780
-4621.405598
-4514.206155
-4556.716885
-4508.030602
-4450.141529
-4518.536731
-4623.809365
-4559.837270
-4584.400529
-4624.265316
-4579.298948
-4484.764781
-4571.202019
-4595.421394
-4516.462304
-4530.274798
-4513.766640
-4608.692556
-4634.417187
-4656.281930
-4369.414751
-4449.301808
-4568.269471
-4688.303521
-4641.136145
-4609.232496
-4478.849130
-4638.340867
-4529.727242
-4593.511083
-4559.737079
-4533.122460
-4529.560915
-4535.574752
-4498.977681
-4506.242915
-4621.625365
-4596.207954
-4527.524659
-4616.856524
-4540.262331
-4549.302418
-4579.819265
-4747.900288
-4669.700716
-4590.293569
-4691.959461
-4447.737990
-4554.318549
-4594.148575
-4510.025456
-4613.700080
-4678.329043
-4492.550296
-4509.610661
-4558.022185
-4548.031730
-4655.822598
-4552.890227
-4613.443293
-4540.715682
-4684.334217
-4577.322353
-4725.895787
-4535.616424
-4586.203060
-4499.870070
-4515.318132
-4775.488228
-4572.522352
-4604.075276
-4464.814726
-4610.322712
-4520.597768
-4512.543681
-4612.479671
-4562.690587
-4619.942305
-4563.612482
-4536.658591
-4542.318999
-4665.865756
-4607.022367
-4606.841223
-4485.116420
-4637.996663
-4585.960733
-4503.718152
-4741.769609
-4544.653768
-4420.240630
-4650.106467
-4522.491963
-4621.518117
-4529.987674
-4637.958573
-4625.101609
-4665.938245
-4601.356439
-4591.073968
-4658.304784
-4547.077530
-4492.631779
-4429.965236
-4476.908685
-4624.187958
-4509.379821
-4685.515238
-4579.795472
-4573.648111
-4512.200049
-4588.066693
-4610.293020
-4582.122027
-4490.462635
-4444.011584
-4577.484254
-4600.874393
-4592.833625
-4587.584216
-4635.141595
-4651.965946
-4552.926122
-4708.346077
-4522.436481
-4550.732141
-4624.843685
-4593.555441
-4401.439778
-4644.018595
-4547.372967
-4450.147653
-4499.028445
-4539.722778
-4638.336536
-4515.989350
-4700.844267
-4691.265923
-4524.855199
-4621.496024
-4457.187538
-4585.300385
-4572.772841
-4639.137139
-4509.067252
-4658.260718
-4466.521729
-4580.111457
-4586.199073
-4594.294815
-4620.678131
-4594.125933
-4600.086832
-4569.685956
-4450.451260
-4663.751917
-4521.998804
-4537.299824
-4598.604866
-4678.117225
-4478.426996
-4636.375275
-4557.378998
-4563.237683
-4448.519899
-4683.689586
-4692.937291
-4642.835343
-4637.251237
-4552.387420
-4639.812769
-4729.245626
-4593.263373
-4473.194472
-4598.275982
-4526.267759
-4461.797801
-4463.843108
-4528.216424
-4657.144021
-4597.934666
-4572.039359
-4494.003180
-4551.179587
-4550.304558
-4519.280501
-4602.154292
-4617.010900
-4471.952133
-4674.343155
-4546.102816
-4504.093930
-4380.119951
-4565.528161
-4559.346344
-4615.404300
-4619.182207
-4419.973119
-4530.149527
-4552.085196
-4434.445627
-4564.331613
-4631.632941
-4682.374584
-4622.806492
-4592.884440
-4581.082267
-4549.837914
-4534.694526
-4523.223611
-4554.098872
-4621.351795
-4634.132169
-4721.858572
-4476.876997
-4676.576879
-4582.795101
-4573.323565
-4459.384338
-4577.938160
-4536.136103
-4563.522490
-4652.690270
-4524.925955
-4577.164299
-4674.854985
-4535.676534
-4583.477939
-4665.919714
-4634.406734
-4719.002268
-4581.444197
-4514.478841
-4599.058561
-4598.425936
-4483.633415
-4479.868888
-4527.987145
-4689.163722
-4591.117231
-4543.153234
-4600.975739
-4639.761847
-4565.958240
-4537.919414
-4470.824481
-4697.034430
-4588.470438
-4680.925928
-4596.413768
-4467.179044
-4522.618114
-4643.198324
-4672.713212
-4630.472677
-4504.194796
-4584.013796
-4588.406088
-4513.126129
-4486.401860
-4516.111997
-4609.676924
-4640.887575
-4553.190403
-4612.508483
-4551.460860
-4624.920646
-4546.325359
-4543.458103
-4596.907508
-4541.913681
-4596.002711
-4654.490891
-4514.712522
-4668.925250
-4588.281166
-4519.508168
-4508.995405
-4520.343998
-4561.696434
-4665.512206
-4620.873905
-4679.780994
-4598.296409
-4511.525127
-4562.276543
-4590.738780
-4606.951776
-4499.990735
-4606.050432
-4461.124657
-4520.842517
-4540.695891
-4618.475851
-4699.430193
-4488.844262
-4667.015286
-4558.136689
-4556.430949
-4546.401525
-4581.758378
-4609.639706
-4649.407617
-4571.962192
-4513.890232
-4576.779957
