-1117.046125
-1101.421383
-1172.809100
-1147.367884
-1175.623487
-1130.024905
-1159.682046
-1146.265640
-1122.161177
-1122.338170
-1107.609130
-1157.323444
-1127.137287
-1120.875457
-1185.714772
-1192.021625
-1162.348803
-1142.659003
-1142.535866
-1114.629857
-1203.296747
-1136.031509
-1181.797978
-1108.037283
-1202.581417
-1127.764874
-1143.299111
-1123.819004
-1167.897878
-1130.757055
-1206.910756
-1139.720131
-1169.345240
-1112.385877
-1124.398834
-1090.133987
-1081.967454
-1167.129825
-1117.422600
-1117.944025
-1176.219762
-1131.911803
-1206.162647
-1145.578883
-1182.658772
-1134.644443
-1084.928768
-1213.316929
-1137.820251
-1185.765655
-1092.982762
-1163.771746
-1105.968409
-1108.511189
-1195.045364
-1005.727381
-1144.313597
-1211.608559
-1119.005972
-1179.777425
-1096.434436
-1092.082575
-1063.536199
-1117.994501
-1064.351961
-1170.934885
-1100.760864
-1159.475227
-1121.837951
-1144.275612
-1139.143547
-1169.721869
-1168.109441
-1136.262264
-1118.881746
-1157.989267
-1118.570252
-996.637585
-1124.403720
-1192.911827
-1109.549267
-1144.385617
-1113.159996
-1122.618552
-1172.731208
-1102.816226
-1102.529297
-1152.473710
-1114.182165
-1185.483711
-1132.341381
-1071.890191
-1106.641691
-1190.820895
-1111.433014
-1131.425792
-1137.945709
-1106.892083
-1088.859516
-1146.555585
-1195.558849
-1085.324202
-1131.627775
-1118.259142
-1200.205877
-1201.172343
-1106.769750
-1133.793364
-1123.923412
-1109.264412
-1206.356325
-1160.829586
-1129.525168
-1076.595685
-1139.786770
-1077.117512
-1221.570811
-1132.183999
-1168.173090
-1149.786553
-1150.315566
-1141.031357
-1173.913117
-1074.214953
-1155.194538
-1114.278386
-1177.417651
-1147.942897
-1121.434831
-1099.533844
-1158.471287
-1165.851350
-1126.449393
-1148.107866
-1172.530605
-1132.108707
-1178.462914
-1177.133202
-1113.631511
-1082.198337
-1175.172803
-1086.402790
-1142.080341
-1183.090839
-1160.258906
-1110.537198
-1117.440905
-1122.892264
-1189.081551
-1163.130908
-1138.248448
-1159.934507
-1156.386644
-1135.542614
-1107.726474
-1138.669821
-1154.808144
-1108.860608
-1071.666423
-1118.951601
-1106.826031
-1141.919329
-1080.980172
-1086.821033
-1198.595120
-1123.909316
-1201.918614
-1137.641575
-1104.413245
-1175.291719
-1184.792551
-1157.926798
-1136.314586
-1094.250939
-1096.566461
-1179.749634
-1143.631265
-1160.659676
-1124.044620
-1091.326549
-1189.110682
-1150.725226
-1110.483814
-1135.910148
-1029.036089
-1154.492184
-1150.704298
-1134.225801
-1113.079796
-1086.467819
-1150.740086
-1105.146982
-1098.263644
-1152.695592
-1130.330159
-1192.468811
-1165.350632
-1116.267432
-1128.281638
-1086.804137
-1158.944006
-1121.051863
-1187.744153
-1044.254349
-1155.787635
-1117.708722
-1144.540520
-1166.098488
-1175.305022
-1158.467659
-1110.898019
-1146.949176
-1158.769104
-1125.244219
-1038.113683
-1136.104307
-1012.262684
-1127.297394
-1128.871009
-1139.087722
-1189.399471
-1017.044435
-1129.961509
-1107.967237
-1123.156032
-1145.251228
-1130.464291
-1104.851338
-1082.172256
-1054.213710
-1086.172819
-1150.880949
-1094.385267
-1134.624562
-1095.120286
-1099.214071
-1060.841718
-1152.623759
-1144.267730
-1107.136913
-1094.258168
-1213.242502
-1086.410790
-1151.379369
-1192.894696
-1078.329245
-1101.655718
-1121.278705
-1145.234141
-1157.791528
-1120.092731
-1125.570412
-1118.715501
-1144.211757
-1164.942366
-1119.588341
-1158.446308
-1191.865402
-1170.013618
-1125.685659
-1211.648354
-1106.356171
-1140.919260
-1185.970556
-1111.661451
-1114.571033
-1102.711869
-1141.958366
-1140.165277
-1117.217943
-1141.483214
-1115.886489
-1173.577346
-1123.285215
-1111.528112
-1194.236497
-1178.560766
-1133.477671
-1123.642826
-1108.907152
-1159.213989
-1177.257543
-1177.510924
-1180.981375
-1134.700257
-1111.424791
-1214.378615
-1093.031847
-1185.907859
-1128.515684
-1103.230257
-1139.089120
-1132.772590
-1145.924333
-1180.342000
-1162.136267
-1175.258717
-1097.546638
-1193.541988
-1202.208697
-1209.640866
-1119.264793
-1127.190917
-1164.620682
-1176.229600
-1147.162697
-1072.429674
-1099.779957
-1089.221232
-1177.313921
-1082.420152
-1181.166653
-1191.909656
-1218.050833
-1137.356248
-1095.976007
-1172.246138
-1169.879151
-1131.872050
-1118.996270
-1134.659553
-1137.438437
-1225.877981
-1217.021004
-1071.365237
-1135.485648
-1164.590901
-1161.164637
-1095.718686
-1157.636204
-1171.897349
-1118.192309
-1178.883893
-1117.318570
-1114.628670
-1135.068380
-1141.967342
-1098.616311
-1066.589227
-1119.331808
-1155.807221
-1108.324218
-1142.590586
-1165.280189
-1137.273253
-1128.561423
-1170.951315
-1110.310690
-1089.508014
-1102.689169
-1113.502003
-1110.645960
-1127.919459
-1155.268479
-1171.626237
-1173.233173
-1223.560748
-1110.280266
-1121.194517
-1143.082410
-1122.778873
-1175.991097
-1144.012284
-1151.868188
-1119.343409
-1096.843815
-1154.777986
-1180.695634
-1111.181764
-1093.208408
-1160.317450
-1102.588896
-1157.617295
-1082.968584
-1102.128345
-1152.337784
-1132.824549
-1092.997954
-1176.981379
-1137.265287
-1198.883387
-1198.222562
-1156.626101
-1133.290851
-1169.515048
-1091.441932
-1185.573210
-1089.595665
-1150.139472
-1169.195627
-1190.006630
-1151.998045
-1217.654193
-1100.427766
-1111.421150
-1170.055883
-1131.785637
-1071.788168
-1059.300684
-1153.924796
-1151.734884
-1112.501693
-1163.680289
-1127.499002
-1108.426796
-1112.242830
-1162.548443
-1119.852168
-1128.199848
-1208.263916
-1138.831694
-1188.453323
-1174.194871
-1215.961349
-1198.624463
-1143.335327
-1144.169621
-1117.496238
-1105.812674
-1142.408396
-1138.876257
-1138.947372
-1135.039374
-1121.848140
-1141.281457
-1164.764749
-1084.317905
-1110.546604
-1108.115360
-1137.407479
-1123.694180
-1180.410167
-1089.712024
-1145.264009
-1167.323858
-1078.586296
-1157.264002
-1178.592139
-1104.367081
-1153.060213
-1206.185488
-1140.602122
-1151.948352
-1113.198197
-1152.755816
-1208.912561
-1165.569204
-1174.149233
-1144.221388
-1134.430079
-1066.400073
-1152.134869
-1107.885862
-1158.755246
-1121.844419
-1072.286558
-1219.105191
-1101.272799
-1129.361410
-1149.804821
-1144.096066
-1155.574771
-1163.415768
-1224.940342
-1118.145038
-1147.502440
-1121.236006
-1031.993842
-1148.017006
-1210.071893
-1143.944258
-1152.862761
-1174.573420
-1152.271406
-1144.942414
-1101.349216
-1141.840364
-1095.430394
-1142.614207
-1153.853350
-1153.359625
-1198.193324
-1147.661318
-1107.167597
-1211.128717
-1077.263492
-1132.027708
-1129.584069
-1132.459862
-1133.586074
-1177.115319
-1151.071273
-1053.315419
-1136.057524
-1110.048110
-1173.903178
-1106.813928
-1160.599549
-1121.248025
-1224.120187
-1114.095891
-1220.703954
-1154.334848
-1131.273462
-1203.715374
-1156.347922
-1170.551979
-1214.498982
-1123.138783
-1100.979526
-1068.547360
-1117.496109
-1138.717284
-1105.589462
-1183.463356
-1117.733079
-1167.928537
-1128.241251
-1184.571863
-1143.939493
-1172.762214
-1158.346131
-1061.525206
-1119.532970
-1127.223819
-1125.944658
-1163.285780
-1103.193873
-1158.085513
-1209.152980
-1171.199200
-1120.247847
-1168.772400
-1204.810619
-1101.072809
-1081.010730
-1088.374799
-1127.886096
-1193.565370
-1146.240826
-1069.174290
-1158.916233
-1180.249100
-1097.917896
-1153.799431
-1167.417507
-1158.370844
-1175.265426
-1145.863067
-1169.907051
-1168.334459
-1150.315794
-1143.901629
-1092.223730
-1172.407523
-1134.099036
-1111.750341
-1136.333444
-1116.030173
-1181.709180
-1121.626030
-1124.971602
-1125.977730
-1113.439008
-1173.607993
-1159.695551
-1124.919391
-1172.615917
-1147.969354
-1150.490292
-1123.431533
-1119.907118
-1113.537383
-1168.211019
-1188.106015
-1165.917720
-1109.327749
-1147.477721
-1212.249911
-1263.826769
-1222.900621
-1129.257232
-1108.687176
-1134.410297
-1142.069358
-1116.027435
-1165.124444
-1156.959297
-1079.353813
-1163.089797
-1114.915882
-1152.899987
-1112.868963
-1143.416622
-1112.510850
-1114.690500
-1124.533509
-1228.256457
-1150.089474
-1149.523365
-1119.942781
-1195.122222
-1167.333749
-1126.294003
-1194.030797
-1079.129466
-1161.059596
-1197.010645
-1122.148945
-1127.293382
-1241.178885
-1168.421029
-1144.522302
-1097.204807
-1068.899491
-1158.156429
-1104.079651
-1205.673678
-1109.247151
-1161.205038
-1104.727255
-1143.347913
-1155.703915
-1125.916996
-1164.051926
-1136.805206
-1125.175020
-1151.987137
-1084.793648
-1184.967428
-1079.368000
-1065.869830
-1141.226029
-1133.286141
-1097.274771
-1185.767245
-1162.374080
-1186.911317
-1163.798486
-1101.311201
-1096.378173
-1120.461117
-1122.463270
-1121.503351
-1072.998120
-1136.224669
-1132.241242
-1138.009365
-1178.224480
-1150.727551
-1162.967359
-1110.154812
-1188.911310
-1165.764231
-1180.796462
-1142.678089
-1190.356797
-1145.239184
-1159.992816
-1119.290078
-1112.971488
-1122.187247
-1163.584582
-1107.796761
-1150.215142
-1094.666861
-1113.912726
-1169.214620
-1132.154835
-1087.578917
-1147.335721
-1201.889311
-1170.639309
-1137.902578
-1130.097783
-1139.069276
-1071.316353
-1203.855902
-1138.126861
-1119.996124
-1149.012460
-1102.501058
-1098.426473
-1155.146701
-1190.063694
-1125.213967
-1087.676423
-1213.002055
-1129.746065
-1135.517457
-1111.969674
-1196.973448
-1151.012610
-1138.671431
-1118.822231
-1127.666788
-1175.297530
-1073.472125
-1092.255192
-1120.736730
-1149.890204
-1109.889770
-1110.424213
-1177.568401
-1212.179600
-1086.350475
-1083.442182
-1195.957095
-1165.578844
-1206.342796
-1198.786533
-1172.533194
-1182.918016
-1138.843000
-1211.416952
-1203.577143
-1119.774884
-1075.156867
-1165.636459
-1074.602640
-1177.410602
-1159.522573
-1207.464297
-1111.914709
-1137.779714
-1105.755967
-1127.672200
-1055.540933
-1130.171752
-1100.294514
-1090.166352
-1127.626930
-1129.012254
-1161.590621
-1133.234529
-1106.500831
-1143.034181
-1085.549148
-1178.897435
-1180.332173
-1150.522424
-1123.101200
-1157.274049
-1140.764990
-1116.244871
-1159.474879
-1109.070234
-1133.028508
-1148.151833
-1168.516280
-1111.931983
-1073.572941
-1172.360841
-1112.951456
-1130.968217
-1115.436818
-1044.296811
-1133.881191
-1137.437110
-1045.669714
-1150.800585
-1154.717736
-1156.689158
-1120.941847
-1115.222563
-1132.332568
-1141.649613
-1077.055359
-1118.357293
-1105.655071
-1149.762664
-1115.761166
-1087.134719
-1144.003219
-1119.724523
-1136.299921
-1181.560629
-1083.105077
-1100.639234
-1047.437073
-1150.682295
-1119.663388
-1142.689481
-1151.238758
-1109.466171
-1111.674782
-1164.795185
-1090.173346
-1163.918010
-1113.959408
-1166.122417
-1165.692218
-1137.123935
-1084.208431
-1153.133857
-1091.037096
-1084.492646
-1150.434125
-1148.515519
-1157.282031
-1149.208143
-1156.419103
-1205.956587
-1136.720685
-1144.490402
-1108.118132
-1156.212040
-1097.590197
-1129.627196
-1111.297294
-1085.342959
-1153.360212
-1140.983879
-1212.178799
-1134.296867
-1135.146381
-1116.351211
-1149.026642
-1095.609776
-1086.251047
-1145.647966
-1170.567508
-1137.189845
-1158.608801
-1140.463645
-1113.072998
-1111.732723
-1143.901946
-1135.437200
-1061.897265
-1192.360681
-1108.709120
-1180.329058
-1126.019477
-1119.998800
-1085.825799
-1162.629231
-1150.433419
-1157.040028
-1101.130776
-1102.819117
-1091.301330
-1099.767906
-1134.963860
-1143.002541
-1101.668983
-1192.675086
-1161.450926
-1199.671577
-1155.371097
-1118.089156
-1177.890369
-1120.556984
-1149.316427
-1139.756400
-1116.033712
-1079.953720
-1122.922800
-1185.016197
-1068.634185
-1175.061929
-1100.119343
-1151.422889
-1147.699644
-1166.509357
-1121.150755
-1136.693401
-1138.890182
-1146.835644
-1168.337569
-1118.716913
-1141.900032
-1081.949776
-1163.970917
-1098.979882
-1162.523992
-1127.433633
-1148.272500
-1108.170108
-1130.033610
-1125.277731
-1134.436353
-1143.479971
-1173.276917
-1142.311578
-1135.452886
-1112.681664
-1184.067781
-1135.501063
-1134.401938
-1141.920053
-1149.169245
-1115.248151
-1072.615638
-1194.648778
-1052.493308
-1081.414768
-1182.735465
-1115.485743
-1136.404147
-1160.474797
-1084.165813
-1130.097272
-1178.914146
-1141.401963
-1151.169769
-1126.679936
-1065.497769
-1105.606325
-1143.109174
-1162.982689
-1149.112714
-1192.680513
-1118.223864
-1138.304705
-1178.731105
-1170.272884
-1163.254230
-1175.046537
-1152.616664
-1154.250071
-1169.469646
-1134.824698
-1164.877654
-1133.579498
-1139.848538
-1162.793397
-1171.194848
-1126.283920
-1051.673359
-1137.610205
-1150.585196
-1099.960923
-1152.908553
-1165.681761
-1115.205062
-1165.879040
-1127.318502
-1124.219701
-1152.032901
-1182.818019
-1079.460181
-1171.048389
-1117.069434
-1108.789906
-1134.160468
-1166.447630
-1121.299771
-1115.103724
-1127.645340
-1154.883583
-1167.038977
-1088.636254
-1104.111858
-1128.486492
-1193.625322
-1143.499482
-1170.031125
-1064.675012
-1111.614588
-1082.010789
-1118.931615
-1124.707006
-1123.451256
-1126.043280
-1132.381456
-1105.394144
-1150.384328
-1129.623932
-1145.124106
-1156.074373
-1147.937170
-1081.502665
-1152.527706
-1130.156828
-1113.928133
-1136.635507
-1138.536120
-1166.876548
-1066.236405
-1191.776259
-1180.742651
-1114.982290
-1199.412251
-1157.347649
-1114.296639
-1155.715408
-1115.327266
-1172.574277
-1177.185882
-1155.267536
-1170.550791
-1139.644272
-1126.739863
-1174.206070
-1106.790119
-1188.286186
-1120.408618
-1139.174673
-1176.210577
