tl:1.5
0.53299
0.42363
0.50125
0.50794
0.51820
0.45647
0.43513
0.52246
0.50824
0.47858
0.44659
0.60244
0.48508
0.56323
0.49637
0.43664
0.48462
0.55163
0.46400
0.38385
0.48636
0.49586
0.51377
0.51362
0.46870
0.58871
0.53236
0.44988
0.40875
0.50285
0.46418
0.53116
0.55704
0.53219
0.47729
0.52745
0.59265
0.54090
0.49480
0.49655
0.49290
0.47270
0.43514
0.57324
0.52201
0.49147
0.47961
0.49670
0.54251
0.43657
0.48320
0.39498
0.49563
0.52577
0.50220
0.61416
0.51332
0.44006
0.51089
0.55010
0.54966
0.58425
0.58477
0.54721
0.47664
0.54033
0.46057
0.52287
0.53447
0.56804
0.53779
0.54733
0.49226
0.48765
0.49917
0.45563
0.56659
0.56734
0.51093
0.53202
0.47440
0.52395
0.46424
0.51500
0.46908
0.48612
0.44909
0.45690
0.43311
0.46967
0.47554
0.52424
0.46189
0.51922
0.43825
0.47732
0.45348
0.52010
0.48243
0.51231
