-11455.016016
-11768.489629
-11431.873721
-11475.011353
-11667.187492
-11379.892687
-11537.383239
-11497.327492
-11516.883063
-11250.227328
-11253.153100
-11267.243293
-11489.260334
-11513.793121
-11586.862746
-11379.764866
-11399.431548
-11624.799115
-11366.044898
-11520.645270
-11382.857936
-11395.878475
-11004.761340
-11326.729009
-11487.202450
-11457.100867
-11435.955683
-11761.492481
-11588.159055
-11408.452461
-11580.122376
-11424.488563
-11653.424809
-11456.270552
-11319.974707
-11284.794078
-11363.065585
-11434.757137
-11539.188133
-11393.304970
-11475.494842
-11665.724632
-11500.974971
-11541.414540
-11527.977744
-11535.204760
-11449.279002
-11457.954104
-11331.163247
-11408.819996
-11483.150223
-11331.799053
-11575.157357
-11568.460161
-11588.552095
-11503.594007
-11508.315049
-11599.632256
-11450.881039
-11451.031595
-11674.766817
-11201.178524
-11308.024418
-11437.705654
-11388.165686
-11397.252637
-11332.890669
-11547.224203
-11337.642693
-11550.214620
-11386.135305
-11630.732179
-11454.864483
-11604.192907
-11593.681826
-11624.903826
-11335.622091
-11432.727540
-11423.952892
-11467.066345
-11501.862542
-11523.519768
-11398.353622
-11413.110004
-11364.981857
-11364.391397
-11400.628193
-11210.525002
-11590.588154
-11518.914567
-11291.910802
-11516.039656
-11434.853746
-11427.956273
-11705.495025
-11394.588791
-11627.296312
-11326.274563
-11619.094341
-11577.295218
-11462.653193
-11252.748509
-11338.215546
-11692.144008
-11515.492736
-11630.813621
-11343.317013
-11741.676028
-11425.447547
-11392.494397
-11534.322431
-11390.035133
-11411.738222
-11384.065165
-11425.613862
-11430.804979
-11416.461816
-11497.221815
-11553.261821
-11549.599191
-11435.411347
-11695.582402
-11255.854616
-11789.606507
-11510.982973
-11266.092873
-11598.280528
-11381.676268
-11397.901555
-11324.493416
-11508.626685
-11490.253543
-11480.933607
-11655.370263
-11562.175159
-11584.572238
-11366.790546
-11306.864472
-11558.125201
-11630.515370
-11728.911954
-11390.266287
-11580.317837
-11544.145789
-11431.415400
-11619.140489
-11501.444294
-11312.942018
-11457.697872
-11499.947454
-11404.453139
-11461.677904
-11471.612641
-11432.131757
-11277.617877
-11573.363759
-11529.635026
-11555.862899
-11465.751583
-11429.038282
-11473.824644
-11324.035432
-11420.210893
-11462.956409
-11380.378630
-11431.480003
-11356.394924
-11430.050054
-11552.526135
-11386.512234
-11513.869410
-11319.504041
-11516.296695
-11606.437274
-11457.891320
-11582.091257
-11445.788808
-11507.869300
-11500.391899
-11391.084081
-11500.609066
-11666.179467
-11517.843103
-11398.234506
-11496.508231
-11549.351919
-11516.241087
-11646.791614
-11543.298553
-11591.925232
-11331.550778
-11504.866767
-11198.445331
-11570.326843
-11480.337274
-11500.319537
-11406.558091
-11321.190343
-11592.750344
-11479.935108
-11278.720340
-11551.824759
-11511.430180
-11346.403157
-11597.144457
-11620.860431
-11634.809443
-11551.658907
-11680.532248
-11385.942107
-11597.079761
-11499.358780
-11432.522989
-11602.666737
-11580.104317
-11405.780235
-11393.231382
-11601.949712
-11515.279611
-11460.554482
-11470.245946
-11412.425982
-11488.155112
-11582.148144
-11519.333017
-11395.497494
-11593.955359
-11435.958685
-11471.631519
-11455.004447
-11394.802511
-11580.657118
-11459.967378
-11695.422897
-11440.992244
-11552.232205
-11748.647375
-11461.023600
-11483.724311
-11721.147728
-11437.833211
-11409.889199
-11566.511146
-11573.592514
-11525.547603
-11338.200762
-11744.409117
-11544.872211
-11571.159270
-11477.274127
-11178.830017
-11486.344683
-11604.419438
-11273.473808
-11669.084200
-11443.389714
-11387.263908
-11590.792545
-11522.952117
-11426.905542
-11572.164641
-11454.750602
-11539.019144
-11398.173381
-11348.643905
-11561.300804
-11490.920251
-11534.515370
-11308.638341
-11593.310858
-11681.695238
-11353.370969
-11470.244650
-11402.093659
-11387.672054
-11561.678023
-11416.936767
-11291.984116
-11707.733854
-11570.030745
-11584.606205
-11509.711905
-11285.272804
-11444.761170
-11571.225586
-11483.666639
-11258.537322
-11336.668908
-11489.149760
-11485.793552
-11372.930259
-11487.790972
-11548.918100
-11644.125754
-11446.115416
-11652.207683
-11482.285804
-11390.862061
-11569.773667
-11406.059936
-11349.566487
-11659.944124
-11597.983694
-11514.139985
-11482.482997
-11383.296297
-11467.425194
-11670.884304
-11464.893093
-11387.005200
-11337.724510
-11466.083105
-11448.200608
-11550.813460
-11502.264779
-11631.074870
-11479.496138
-11535.695047
-11509.859716
-11413.649103
-11502.008195
-11524.566846
-11732.899486
-11380.191325
-11551.851862
-11661.379201
-11532.042739
-11330.951346
-11563.043443
-11656.476511
-11400.450422
-11438.352765
-11524.916287
-11516.642273
-11491.198373
-11337.853171
-11445.517550
-11591.231502
-11504.389022
-11512.826225
-11459.904821
-11735.570004
-11669.784189
-11397.379100
-11445.584054
-11339.157310
-11479.192588
-11524.583973
-11388.127874
-11606.761224
-11326.787788
-11681.654215
-11334.158253
-11531.287314
-11421.975054
-11530.830717
-11506.521120
-11383.074079
-11393.975803
-11443.850415
-11501.081298
-11478.291567
-11427.179308
-11539.750404
-11615.107966
-11809.610824
-11381.350625
-11466.088839
-11651.859773
-11432.520351
-11346.376630
-11486.904397
-11373.887784
-11443.983178
-11413.771493
-11373.362745
-11520.926904
-11483.510956
-11490.484307
-11335.070187
-11400.740146
-11544.240850
-11455.012715
-11368.985956
-11371.525291
-11335.687316
-11441.553819
-11512.386387
-11439.350532
-11480.043300
-11495.408698
-11390.216571
-11374.173820
-11401.070283
-11454.527894
-11441.225285
-11717.020225
-11376.720669
-11608.442689
-11390.341203
-11606.348803
-11399.203104
-11492.020565
-11619.394403
-11402.366893
-11349.083716
-11519.027584
-11463.707814
-11482.889564
-11422.666412
-11425.715762
-11593.508946
-11345.981129
-11532.353537
-11535.786792
-11317.796104
-11269.517585
-11383.650898
-11551.050734
-11457.446453
-11292.063721
-11354.288500
-11424.195104
-11171.679650
-11518.247874
-11494.531656
-11280.254477
-11376.250408
-11319.905193
-11334.718901
-11698.545623
-11486.089411
-11538.779813
-11529.143610
-11471.284193
-11532.566508
-11368.323867
-11359.769060
-11551.100383
-11444.575753
-11396.359362
-11404.297203
-11319.702643
-11402.014304
-11187.617021
-11339.361605
-11377.358642
-11431.566580
-11470.425700
-11375.007007
-11276.700767
-11434.100144
-11399.649548
-11487.425347
-11465.394563
-11572.602899
-11444.777748
-11491.073970
-11561.898167
-11328.336788
-11408.500104
-11200.836044
-11527.482477
-11458.218203
-11526.819429
-11547.203885
-11366.193527
-11673.113551
-11612.238791
-11373.719794
-11469.736170
-11372.353869
-11428.873937
-11347.921859
-11483.361824
-11398.853503
-11513.295739
-11457.707173
-11346.149263
-11428.931417
-11488.564165
-11565.116940
-11418.526684
-11613.491805
-11409.889905
-11514.057510
-11587.764876
-11440.242741
-11465.639539
-11472.238451
-11535.345853
-11365.383733
-11483.434987
-11426.838878
-11411.547234
-11533.925642
-11596.573044
-11483.387313
-11542.532664
-11415.121341
-11438.642906
-11495.228102
-11286.485690
-11412.177108
-11518.139173
-11368.375915
-11255.121134
-11528.344126
-11325.552391
-11793.588215
-11585.659025
-11572.594978
-11674.653670
-11624.792308
-11491.741939
-11430.424497
-11437.273534
-11722.788250
-11444.324021
-11452.703251
-11530.877835
-11520.590830
-11343.211263
-11497.980083
-11526.205949
-11457.433203
-11466.091322
-11524.493888
-11135.215995
-11478.104259
-11459.149298
-11409.442708
-11623.235062
-11455.619579
-11432.715070
-11448.768014
-11577.239586
-11564.094074
-11551.691861
-11460.427481
-11495.547815
-11371.074804
-11585.569769
-11568.836051
-11699.999329
-11567.312154
-11504.339469
-11380.076642
-11526.778700
-11263.468335
-11590.218932
-11541.800955
-11642.370710
-11401.227910
-11709.522497
-11447.113315
-11426.661832
-11507.859011
-11582.867114
-11476.180322
-11283.919882
-11351.809946
-11400.196904
-11441.548506
-11569.483656
-11377.336494
-11475.825734
-11205.808006
-11430.440488
-11440.665359
-11455.559573
-11382.882116
-11569.410138
-11569.900440
-11340.506230
-11343.860215
-11472.150106
-11580.382754
-11570.513933
-11565.040749
-11396.412457
-11481.356919
-11549.317849
-11353.839464
-11695.757519
-11513.248815
-11575.837249
-11340.929533
-11441.881828
-11577.158115
-11566.221353
-11414.184254
-11390.616301
-11515.959222
-11350.713164
-11641.539264
-11366.899913
-11338.798177
-11385.251792
-11376.146265
-11403.482610
-11275.036942
-11410.242727
-11314.868216
-11472.023803
-11530.034383
-11600.819135
-11441.788355
-11630.542164
-11346.238548
-11560.592083
-11527.620270
-11466.334665
-11438.105267
-11678.831362
-11549.878747
-11403.258250
-11284.783979
-11506.807175
-11267.410683
-11590.632141
-11743.358404
-11207.975444
-11287.768951
-11408.853123
-11343.796095
-11711.058476
-11585.990254
-11445.569371
-11462.472246
-11524.669714
-11414.052703
-11357.558096
-11326.475731
-11436.737934
-11528.873187
-11460.178954
-11310.802886
-11596.125943
-11551.873728
-11425.952611
-11387.322533
-11377.000994
-11454.129031
-11593.526284
-11526.986848
-11510.540786
-11524.418509
-11458.689861
-11502.809021
-11382.694717
-11595.606124
-11534.437847
-11377.861880
-11604.026177
-11484.085405
-11467.656246
-11579.343414
-11548.973090
-11496.050815
-11514.017189
-11721.895225
-11521.839962
-11531.637544
-11400.163875
-11293.049235
-11384.804301
-11425.018104
-11342.998428
-11468.840756
-11385.208463
-11424.542553
-11607.562721
-11455.570943
-11302.558109
-11482.047406
-11465.942019
-11565.583760
-11610.541925
-11321.981736
-11546.804224
-11505.850963
-11395.439977
-11358.456455
-11702.211541
-11586.771279
-11241.295257
-11619.082153
-11453.001625
-11488.892452
-11551.456415
-11414.927374
-11302.866265
-11526.441068
-11535.372405
-11726.873534
-11665.502022
-11483.209133
-11466.671825
-11391.195993
-11434.184860
-11361.239707
-11593.209746
-11649.950764
-11316.271556
-11424.657738
-11543.017223
-11359.093926
-11461.117973
-11486.911903
-11374.903715
-11418.065902
-11372.522445
-11433.511187
-11400.484752
-11566.434220
-11305.309538
-11521.271677
-11472.857594
-11433.798798
-11300.263998
-11528.252527
-11551.256852
-11363.008844
-11626.170444
-11529.808742
-11363.913567
-11256.214874
-11725.252520
-11482.940224
-11518.487627
-11355.385806
-11407.124183
-11466.559956
-11276.107188
-11530.300295
-11384.470832
-11380.332915
-11462.715295
-11335.631559
-11267.122714
-11225.769706
-11370.085122
-11342.577531
-11628.021871
-11413.588080
-11414.859301
-11705.154182
-11404.401582
-11512.478067
-11457.121671
-11411.499831
-11306.836630
-11561.724152
-11482.458232
-11619.129097
-11820.618223
-11528.331985
-11440.247409
-11484.782607
-11510.029509
-11501.048108
-11634.317015
-11484.114810
-11530.960184
-11290.990574
-11467.341283
-11417.047556
-11567.799709
-11474.679564
-11524.003757
-11393.527783
-11400.690708
-11598.938173
-11447.493430
-11601.095897
-11487.460827
-11471.519554
-11524.554537
-11573.029619
-11562.990361
-11474.140192
-11548.311245
-11547.611753
-11303.889305
-11397.479383
-11352.151397
-11679.709664
-11483.032650
-11390.611394
-11511.982615
-11563.890293
-11452.309160
-11579.565394
-11541.927375
-11609.258021
-11459.351552
-11311.878662
-11495.061763
-11252.383931
-11479.950308
-11472.810017
-11401.643013
-11398.030052
-11431.210318
-11328.994210
-11627.746947
-11481.996895
-11624.185470
-11475.660294
-11420.724972
-11412.860470
-11348.997454
-11340.497481
-11474.007582
-11323.663685
-11408.381110
-11440.162767
-11247.982616
-11343.713219
-11344.949310
-11387.047853
-11452.253070
-11521.739083
-11600.930651
-11308.641094
-11572.048771
-11424.762509
-11310.087259
-11306.837918
-11296.961529
-11415.138217
-11343.151694
-11539.143888
-11492.155693
-11243.041072
-11190.387641
-11508.847473
-11714.195771
-11494.736678
-11539.413896
-11491.419670
-11632.961853
-11404.187781
-11432.672228
-11447.528737
-11509.258452
-11437.268921
-11377.082692
-11368.207077
-11399.892510
-11459.468141
-11383.687005
-11557.748152
-11499.626470
-11571.346126
-11601.060366
-11523.635451
-11483.012198
-11378.210520
-11431.511770
-11478.067599
-11504.746787
-11450.246482
-11635.801372
-11357.896778
-11550.623207
-11831.922880
-11234.236084
-11576.860957
-11260.290366
-11512.720931
-11511.491805
-11425.838732
-11498.896655
-11492.546651
-11561.498401
-11407.859388
-11353.085701
-11597.085281
-11489.401582
-11633.590531
-11438.420341
-11485.476301
-11581.712320
-11664.670545
-11328.251074
-11362.206956
-11620.509810
-11324.293718
-11253.362093
-11414.554022
-11438.203178
-11458.475403
-11547.368081
-11238.637143
-11428.380595
-11409.248419
-11602.731912
-11389.433425
-11387.078848
-11548.179963
-11458.116255
-11458.845461
-11486.927781
-11404.253571
-11522.121701
-11560.068300
-11524.135434
-11695.636459
-11420.324643
-11370.444467
-11478.205438
-11448.025656
-11461.878147
-11482.356184
-11404.116706
-11408.534678
-11493.733665
-11537.809273
-11447.328539
-11674.071109
-11433.987877
-11406.444915
-11507.168594
-11531.124005
-11371.135880
-11571.075739
-11666.214675
-11531.631061
-11551.588417
-11413.639041
-11317.767730
-11371.470055
-11508.191152
-11672.627059
-11316.534291
-11443.625430
-11424.075037
-11673.127910
-11484.218711
-11265.196464
-11386.230047
-11451.482147
-11523.044858
-11352.178478
-11735.025243
-11481.279510
-11622.654847
-11334.771230
-11527.715716
-11708.193385
-11394.309680
-11442.830659
-11586.353680
-11538.302898
-11562.865908
-11438.237146
-11641.373817
-11266.413618
-11345.611589
-11473.498025
-11406.044985
-11452.545940
-11583.701906
-11684.604949
-11312.639754
-11453.446746
-11406.735292
-11477.683022
-11571.324875
-11523.928050
-11320.079095
-11636.367385
-11361.959282
-11200.538044
-11389.451076
-11407.007505
-11366.680728
-11434.863256
-11555.282456
-11345.138184
-11707.314368
-11433.622986
-11371.662591
-11444.549756
-11480.354552
-11691.547029
-11406.598655
-11539.334402
-11564.278207
-11297.496894
-11419.805606
-11456.190308
-11315.159649
-11443.158498
-11442.260669
-11582.673142
-11370.550093
-11312.883965
